    0.164910
    0.191751
    0.195770
    0.189302
    0.178534
    0.166508
    0.154657
    0.143606
    0.133574
    0.124586
    0.116583
    0.109468
    0.103140
    0.097502
    0.092465
    0.087952
    0.083896
    0.080240
    0.076934
    0.073937
    0.071214
    0.068732
    0.066466
    0.064393
    0.062494
    0.060751
    0.059150
    0.057678
    0.056323
    0.055075
    0.053927
    0.052869
    0.051895
    0.051000
    0.050177
    0.049423
    0.048733
    0.048103
    0.047529
    0.047010
    0.046542
    0.046123
    0.045752
    0.045425
    0.045143
    0.044903
    0.044705
    0.044548
    0.044430
    0.044352
    0.044313
    0.459636
    0.334384
    0.261315
    0.216174
    0.186403
    0.165407
    0.149662
    0.137238
    0.127044
    0.118438
    0.111026
    0.104549
    0.098831
    0.093744
    0.089190
    0.085095
    0.081398
    0.078048
    0.075005
    0.072232
    0.069700
    0.067383
    0.065259
    0.063309
    0.061516
    0.059866
    0.058346
    0.056944
    0.055651
    0.054458
    0.053358
    0.052342
    0.051407
    0.050545
    0.049752
    0.049024
    0.048356
    0.047747
    0.047192
    0.046689
    0.046235
    0.045829
    0.045468
    0.045151
    0.044877
    0.044644
    0.044451
    0.044298
    0.044183
    0.044107
    0.044069
    0.132451
    0.150875
    0.152302
    0.146991
    0.139426
    0.131489
    0.123911
    0.116930
    0.110583
    0.104834
    0.099622
    0.094889
    0.090580
    0.086647
    0.083050
    0.079754
    0.076727
    0.073945
    0.071383
    0.069021
    0.066841
    0.064827
    0.062965
    0.061242
    0.059647
    0.058169
    0.056800
    0.055531
    0.054355
    0.053265
    0.052255
    0.051320
    0.050456
    0.049657
    0.048921
    0.048243
    0.047620
    0.047050
    0.046530
    0.046058
    0.045632
    0.045250
    0.044910
    0.044611
    0.044352
    0.044132
    0.043950
    0.043805
    0.043697
    0.043625
    0.043589
    0.054518
    0.073592
    0.085406
    0.091894
    0.094775
    0.095327
    0.094428
    0.092658
    0.090391
    0.087864
    0.085230
    0.082581
    0.079977
    0.077454
    0.075032
    0.072723
    0.070533
    0.068462
    0.066510
    0.064672
    0.062944
    0.061323
    0.059802
    0.058378
    0.057044
    0.055795
    0.054628
    0.053537
    0.052519
    0.051569
    0.050683
    0.049859
    0.049093
    0.048382
    0.047724
    0.047116
    0.046555
    0.046041
    0.045570
    0.045141
    0.044754
    0.044405
    0.044095
    0.043822
    0.043585
    0.043383
    0.043216
    0.043083
    0.042983
    0.042917
    0.042884
    0.028879
    0.041686
    0.051796
    0.059342
    0.064681
    0.068231
    0.070389
    0.071493
    0.071817
    0.071573
    0.070924
    0.069992
    0.068870
    0.067625
    0.066307
    0.064954
    0.063592
    0.062243
    0.060919
    0.059631
    0.058386
    0.057188
    0.056041
    0.054946
    0.053904
    0.052915
    0.051977
    0.051091
    0.050255
    0.049468
    0.048728
    0.048035
    0.047385
    0.046779
    0.046214
    0.045690
    0.045204
    0.044757
    0.044346
    0.043970
    0.043630
    0.043322
    0.043048
    0.042807
    0.042596
    0.042417
    0.042269
    0.042150
    0.042062
    0.042003
    0.041973
    0.017927
    0.026628
    0.034216
    0.040588
    0.045764
    0.049836
    0.052936
    0.055208
    0.056792
    0.057813
    0.058384
    0.058597
    0.058531
    0.058249
    0.057803
    0.057235
    0.056579
    0.055862
    0.055104
    0.054322
    0.053530
    0.052738
    0.051954
    0.051185
    0.050435
    0.049708
    0.049006
    0.048332
    0.047687
    0.047072
    0.046487
    0.045932
    0.045409
    0.044915
    0.044453
    0.044020
    0.043617
    0.043244
    0.042899
    0.042583
    0.042294
    0.042034
    0.041800
    0.041594
    0.041414
    0.041260
    0.041133
    0.041031
    0.040954
    0.040904
    0.040878
    0.012303
    0.018528
    0.024230
    0.029315
    0.033744
    0.037515
    0.040660
    0.043227
    0.045278
    0.046874
    0.048078
    0.048949
    0.049539
    0.049896
    0.050061
    0.050069
    0.049951
    0.049733
    0.049435
    0.049077
    0.048674
    0.048237
    0.047777
    0.047304
    0.046823
    0.046342
    0.045864
    0.045393
    0.044933
    0.044485
    0.044053
    0.043638
    0.043241
    0.042862
    0.042503
    0.042165
    0.041847
    0.041550
    0.041274
    0.041020
    0.040786
    0.040575
    0.040384
    0.040215
    0.040067
    0.039941
    0.039835
    0.039751
    0.039688
    0.039646
    0.039625
    0.009029
    0.013699
    0.018094
    0.022151
    0.025830
    0.029110
    0.031989
    0.034479
    0.036602
    0.038384
    0.039857
    0.041053
    0.042005
    0.042743
    0.043297
    0.043692
    0.043951
    0.044097
    0.044147
    0.044118
    0.044024
    0.043877
    0.043688
    0.043466
    0.043219
    0.042953
    0.042674
    0.042387
    0.042096
    0.041805
    0.041516
    0.041231
    0.040954
    0.040686
    0.040427
    0.040180
    0.039945
    0.039724
    0.039516
    0.039323
    0.039145
    0.038982
    0.038835
    0.038703
    0.038588
    0.038489
    0.038406
    0.038340
    0.038290
    0.038257
    0.038240
    0.006947
    0.010587
    0.014069
    0.017352
    0.020406
    0.023210
    0.025752
    0.028031
    0.030052
    0.031825
    0.033363
    0.034685
    0.035806
    0.036747
    0.037525
    0.038159
    0.038664
    0.039058
    0.039354
    0.039565
    0.039704
    0.039781
    0.039806
    0.039787
    0.039731
    0.039645
    0.039535
    0.039407
    0.039263
    0.039109
    0.038948
    0.038781
    0.038613
    0.038446
    0.038280
    0.038118
    0.037961
    0.037811
    0.037668
    0.037533
    0.037407
    0.037291
    0.037186
    0.037091
    0.037007
    0.036935
    0.036874
    0.036825
    0.036788
    0.036764
    0.036751
    0.005535
    0.008459
    0.011287
    0.013990
    0.016547
    0.018940
    0.021160
    0.023198
    0.025054
    0.026729
    0.028230
    0.029563
    0.030738
    0.031766
    0.032658
    0.033425
    0.034078
    0.034629
    0.035089
    0.035466
    0.035771
    0.036013
    0.036198
    0.036335
    0.036429
    0.036488
    0.036516
    0.036517
    0.036497
    0.036460
    0.036407
    0.036344
    0.036271
    0.036192
    0.036109
    0.036024
    0.035937
    0.035851
    0.035767
    0.035686
    0.035609
    0.035537
    0.035470
    0.035409
    0.035354
    0.035307
    0.035267
    0.035235
    0.035210
    0.035194
    0.035186
    0.004530
    0.006936
    0.009280
    0.011543
    0.013708
    0.015762
    0.017697
    0.019505
    0.021182
    0.022727
    0.024142
    0.025428
    0.026591
    0.027636
    0.028570
    0.029399
    0.030132
    0.030774
    0.031334
    0.031820
    0.032237
    0.032593
    0.032894
    0.033146
    0.033354
    0.033523
    0.033658
    0.033764
    0.033843
    0.033900
    0.033939
    0.033960
    0.033969
    0.033966
    0.033954
    0.033934
    0.033909
    0.033880
    0.033848
    0.033815
    0.033781
    0.033748
    0.033716
    0.033686
    0.033658
    0.033633
    0.033612
    0.033595
    0.033582
    0.033573
    0.033568
    0.003786
    0.005805
    0.007782
    0.009704
    0.011558
    0.013335
    0.015027
    0.016629
    0.018135
    0.019543
    0.020853
    0.022065
    0.023181
    0.024203
    0.025135
    0.025981
    0.026745
    0.027433
    0.028049
    0.028598
    0.029086
    0.029518
    0.029898
    0.030230
    0.030520
    0.030771
    0.030987
    0.031171
    0.031328
    0.031461
    0.031571
    0.031662
    0.031737
    0.031796
    0.031843
    0.031879
    0.031907
    0.031926
    0.031939
    0.031947
    0.031951
    0.031951
    0.031950
    0.031947
    0.031943
    0.031938
    0.031934
    0.031930
    0.031926
    0.031924
    0.031923
    0.003218
    0.004940
    0.006631
    0.008284
    0.009888
    0.011438
    0.012926
    0.014347
    0.015698
    0.016975
    0.018178
    0.019305
    0.020356
    0.021333
    0.022237
    0.023071
    0.023837
    0.024539
    0.025179
    0.025761
    0.026289
    0.026766
    0.027196
    0.027582
    0.027927
    0.028236
    0.028510
    0.028753
    0.028968
    0.029158
    0.029324
    0.029469
    0.029596
    0.029705
    0.029800
    0.029882
    0.029952
    0.030011
    0.030061
    0.030104
    0.030139
    0.030169
    0.030193
    0.030213
    0.030229
    0.030242
    0.030252
    0.030260
    0.030265
    0.030268
    0.030270
    0.002774
    0.004260
    0.005725
    0.007162
    0.008564
    0.009925
    0.011241
    0.012507
    0.013719
    0.014876
    0.015975
    0.017015
    0.017996
    0.018917
    0.019780
    0.020585
    0.021334
    0.022029
    0.022671
    0.023264
    0.023810
    0.024310
    0.024768
    0.025186
    0.025567
    0.025914
    0.026228
    0.026512
    0.026768
    0.026999
    0.027207
    0.027393
    0.027560
    0.027708
    0.027840
    0.027958
    0.028061
    0.028153
    0.028234
    0.028304
    0.028365
    0.028419
    0.028464
    0.028503
    0.028536
    0.028564
    0.028586
    0.028603
    0.028615
    0.028624
    0.028628
    0.002418
    0.003716
    0.004998
    0.006258
    0.007493
    0.008697
    0.009867
    0.010999
    0.012090
    0.013138
    0.014141
    0.015097
    0.016006
    0.016868
    0.017682
    0.018449
    0.019169
    0.019844
    0.020475
    0.021063
    0.021611
    0.022118
    0.022589
    0.023023
    0.023424
    0.023793
    0.024132
    0.024443
    0.024727
    0.024987
    0.025224
    0.025440
    0.025635
    0.025813
    0.025973
    0.026117
    0.026247
    0.026364
    0.026468
    0.026561
    0.026643
    0.026715
    0.026778
    0.026832
    0.026878
    0.026917
    0.026949
    0.026974
    0.026993
    0.027005
    0.027011
    0.002127
    0.003271
    0.004402
    0.005517
    0.006613
    0.007685
    0.008730
    0.009746
    0.010731
    0.011681
    0.012596
    0.013474
    0.014314
    0.015116
    0.015879
    0.016603
    0.017288
    0.017935
    0.018546
    0.019119
    0.019657
    0.020161
    0.020632
    0.021071
    0.021480
    0.021860
    0.022212
    0.022539
    0.022840
    0.023118
    0.023374
    0.023610
    0.023826
    0.024023
    0.024204
    0.024368
    0.024517
    0.024652
    0.024774
    0.024883
    0.024981
    0.025068
    0.025144
    0.025210
    0.025267
    0.025315
    0.025355
    0.025386
    0.025409
    0.025425
    0.025432
    0.001886
    0.002901
    0.003907
    0.004900
    0.005878
    0.006838
    0.007777
    0.008693
    0.009583
    0.010447
    0.011282
    0.012088
    0.012863
    0.013606
    0.014318
    0.014997
    0.015645
    0.016260
    0.016844
    0.017396
    0.017918
    0.018410
    0.018874
    0.019309
    0.019717
    0.020099
    0.020456
    0.020789
    0.021099
    0.021387
    0.021654
    0.021902
    0.022130
    0.022341
    0.022535
    0.022713
    0.022875
    0.023023
    0.023158
    0.023279
    0.023388
    0.023486
    0.023572
    0.023647
    0.023712
    0.023767
    0.023812
    0.023848
    0.023875
    0.023893
    0.023901
    0.001684
    0.002591
    0.003490
    0.004380
    0.005258
    0.006121
    0.006968
    0.007796
    0.008604
    0.009390
    0.010154
    0.010893
    0.011607
    0.012295
    0.012957
    0.013593
    0.014201
    0.014782
    0.015336
    0.015864
    0.016365
    0.016841
    0.017291
    0.017716
    0.018117
    0.018494
    0.018849
    0.019182
    0.019494
    0.019786
    0.020058
    0.020311
    0.020546
    0.020765
    0.020966
    0.021152
    0.021323
    0.021480
    0.021623
    0.021752
    0.021869
    0.021974
    0.022067
    0.022148
    0.022219
    0.022278
    0.022328
    0.022367
    0.022396
    0.022416
    0.022426
    0.001511
    0.002326
    0.003135
    0.003936
    0.004727
    0.005507
    0.006273
    0.007025
    0.007760
    0.008478
    0.009176
    0.009855
    0.010513
    0.011150
    0.011764
    0.012357
    0.012926
    0.013472
    0.013996
    0.014496
    0.014974
    0.015429
    0.015862
    0.016273
    0.016663
    0.017031
    0.017379
    0.017707
    0.018016
    0.018306
    0.018578
    0.018832
    0.019070
    0.019291
    0.019496
    0.019686
    0.019861
    0.020023
    0.020170
    0.020304
    0.020426
    0.020535
    0.020632
    0.020718
    0.020792
    0.020855
    0.020907
    0.020948
    0.020979
    0.021000
    0.021010
    0.001363
    0.002098
    0.002829
    0.003553
    0.004270
    0.004976
    0.005672
    0.006356
    0.007027
    0.007682
    0.008323
    0.008946
    0.009553
    0.010141
    0.010711
    0.011262
    0.011794
    0.012306
    0.012799
    0.013271
    0.013724
    0.014157
    0.014571
    0.014965
    0.015340
    0.015696
    0.016034
    0.016353
    0.016655
    0.016940
    0.017208
    0.017460
    0.017695
    0.017915
    0.018121
    0.018311
    0.018488
    0.018650
    0.018800
    0.018936
    0.019060
    0.019171
    0.019270
    0.019358
    0.019434
    0.019499
    0.019553
    0.019595
    0.019627
    0.019649
    0.019659
    0.001234
    0.001901
    0.002563
    0.003220
    0.003871
    0.004514
    0.005147
    0.005771
    0.006384
    0.006984
    0.007572
    0.008145
    0.008705
    0.009249
    0.009777
    0.010289
    0.010785
    0.011264
    0.011725
    0.012170
    0.012597
    0.013007
    0.013400
    0.013775
    0.014134
    0.014476
    0.014801
    0.015109
    0.015402
    0.015679
    0.015940
    0.016186
    0.016417
    0.016634
    0.016836
    0.017025
    0.017200
    0.017361
    0.017510
    0.017646
    0.017770
    0.017882
    0.017982
    0.018070
    0.018147
    0.018212
    0.018266
    0.018310
    0.018342
    0.018363
    0.018374
    0.001121
    0.001727
    0.002330
    0.002928
    0.003521
    0.004107
    0.004686
    0.005256
    0.005817
    0.006367
    0.006907
    0.007435
    0.007951
    0.008454
    0.008943
    0.009419
    0.009880
    0.010327
    0.010759
    0.011176
    0.011578
    0.011965
    0.012336
    0.012692
    0.013033
    0.013359
    0.013670
    0.013966
    0.014247
    0.014514
    0.014767
    0.015005
    0.015230
    0.015441
    0.015638
    0.015823
    0.015994
    0.016153
    0.016300
    0.016434
    0.016556
    0.016667
    0.016766
    0.016853
    0.016930
    0.016995
    0.017049
    0.017092
    0.017124
    0.017145
    0.017156
    0.001022
    0.001574
    0.002124
    0.002670
    0.003211
    0.003747
    0.004276
    0.004799
    0.005313
    0.005819
    0.006316
    0.006802
    0.007278
    0.007743
    0.008196
    0.008638
    0.009067
    0.009483
    0.009887
    0.010277
    0.010654
    0.011018
    0.011368
    0.011704
    0.012027
    0.012336
    0.012632
    0.012914
    0.013183
    0.013439
    0.013681
    0.013910
    0.014127
    0.014331
    0.014522
    0.014701
    0.014868
    0.015022
    0.015165
    0.015296
    0.015416
    0.015524
    0.015621
    0.015707
    0.015782
    0.015846
    0.015899
    0.015942
    0.015973
    0.015995
    0.016005
    0.000933
    0.001438
    0.001941
    0.002440
    0.002936
    0.003426
    0.003912
    0.004391
    0.004864
    0.005329
    0.005786
    0.006235
    0.006674
    0.007104
    0.007524
    0.007934
    0.008332
    0.008720
    0.009096
    0.009461
    0.009814
    0.010155
    0.010484
    0.010801
    0.011106
    0.011398
    0.011678
    0.011946
    0.012202
    0.012445
    0.012677
    0.012896
    0.013103
    0.013299
    0.013483
    0.013655
    0.013816
    0.013966
    0.014104
    0.014231
    0.014347
    0.014452
    0.014546
    0.014630
    0.014702
    0.014765
    0.014817
    0.014858
    0.014889
    0.014910
    0.014920
    0.000854
    0.001317
    0.001777
    0.002235
    0.002689
    0.003140
    0.003585
    0.004026
    0.004460
    0.004889
    0.005310
    0.005724
    0.006130
    0.006528
    0.006917
    0.007297
    0.007667
    0.008028
    0.008378
    0.008719
    0.009049
    0.009368
    0.009677
    0.009974
    0.010261
    0.010536
    0.010801
    0.011054
    0.011296
    0.011527
    0.011747
    0.011956
    0.012154
    0.012341
    0.012516
    0.012681
    0.012835
    0.012979
    0.013112
    0.013234
    0.013345
    0.013447
    0.013538
    0.013618
    0.013689
    0.013749
    0.013799
    0.013839
    0.013869
    0.013889
    0.013899
    0.000784
    0.001208
    0.001630
    0.002051
    0.002468
    0.002882
    0.003292
    0.003697
    0.004097
    0.004492
    0.004880
    0.005263
    0.005638
    0.006006
    0.006366
    0.006718
    0.007062
    0.007398
    0.007724
    0.008042
    0.008350
    0.008648
    0.008937
    0.009216
    0.009485
    0.009744
    0.009993
    0.010232
    0.010461
    0.010679
    0.010887
    0.011085
    0.011273
    0.011450
    0.011617
    0.011775
    0.011922
    0.012058
    0.012185
    0.012302
    0.012409
    0.012506
    0.012593
    0.012671
    0.012738
    0.012796
    0.012844
    0.012883
    0.012912
    0.012931
    0.012941
    0.000720
    0.001109
    0.001498
    0.001884
    0.002268
    0.002649
    0.003026
    0.003399
    0.003768
    0.004132
    0.004491
    0.004844
    0.005191
    0.005532
    0.005866
    0.006192
    0.006512
    0.006823
    0.007127
    0.007422
    0.007710
    0.007988
    0.008258
    0.008520
    0.008772
    0.009015
    0.009249
    0.009473
    0.009688
    0.009894
    0.010091
    0.010278
    0.010455
    0.010623
    0.010782
    0.010931
    0.011070
    0.011201
    0.011321
    0.011433
    0.011535
    0.011627
    0.011710
    0.011784
    0.011849
    0.011904
    0.011950
    0.011987
    0.012015
    0.012033
    0.012042
    0.000662
    0.001021
    0.001378
    0.001734
    0.002087
    0.002438
    0.002786
    0.003130
    0.003470
    0.003806
    0.004137
    0.004464
    0.004785
    0.005100
    0.005409
    0.005712
    0.006009
    0.006298
    0.006580
    0.006856
    0.007123
    0.007383
    0.007635
    0.007879
    0.008115
    0.008343
    0.008562
    0.008773
    0.008975
    0.009168
    0.009353
    0.009530
    0.009697
    0.009856
    0.010005
    0.010146
    0.010278
    0.010402
    0.010516
    0.010622
    0.010718
    0.010806
    0.010885
    0.010956
    0.011017
    0.011070
    0.011113
    0.011148
    0.011175
    0.011192
    0.011201
    0.000609
    0.000940
    0.001269
    0.001597
    0.001923
    0.002246
    0.002567
    0.002884
    0.003199
    0.003509
    0.003815
    0.004117
    0.004414
    0.004706
    0.004992
    0.005273
    0.005548
    0.005817
    0.006080
    0.006335
    0.006585
    0.006827
    0.007062
    0.007290
    0.007510
    0.007723
    0.007928
    0.008126
    0.008315
    0.008497
    0.008670
    0.008836
    0.008994
    0.009143
    0.009284
    0.009417
    0.009542
    0.009658
    0.009766
    0.009866
    0.009957
    0.010040
    0.010115
    0.010182
    0.010240
    0.010290
    0.010331
    0.010365
    0.010390
    0.010406
    0.010415
    0.000562
    0.000866
    0.001170
    0.001472
    0.001773
    0.002071
    0.002367
    0.002660
    0.002951
    0.003238
    0.003521
    0.003800
    0.004075
    0.004345
    0.004611
    0.004871
    0.005126
    0.005376
    0.005620
    0.005858
    0.006089
    0.006315
    0.006534
    0.006746
    0.006952
    0.007151
    0.007343
    0.007527
    0.007705
    0.007875
    0.008038
    0.008193
    0.008341
    0.008481
    0.008614
    0.008739
    0.008856
    0.008966
    0.009068
    0.009162
    0.009248
    0.009327
    0.009397
    0.009460
    0.009515
    0.009562
    0.009601
    0.009633
    0.009656
    0.009672
    0.009680
    0.000518
    0.000799
    0.001079
    0.001358
    0.001636
    0.001911
    0.002185
    0.002456
    0.002724
    0.002989
    0.003251
    0.003510
    0.003764
    0.004014
    0.004260
    0.004502
    0.004739
    0.004970
    0.005197
    0.005418
    0.005634
    0.005844
    0.006048
    0.006245
    0.006437
    0.006623
    0.006802
    0.006974
    0.007140
    0.007299
    0.007452
    0.007597
    0.007736
    0.007867
    0.007992
    0.008109
    0.008219
    0.008322
    0.008418
    0.008506
    0.008588
    0.008661
    0.008728
    0.008787
    0.008839
    0.008883
    0.008920
    0.008950
    0.008972
    0.008987
    0.008994
    0.000478
    0.000738
    0.000996
    0.001254
    0.001510
    0.001765
    0.002018
    0.002268
    0.002516
    0.002762
    0.003004
    0.003243
    0.003479
    0.003711
    0.003939
    0.004163
    0.004382
    0.004597
    0.004808
    0.005013
    0.005214
    0.005409
    0.005599
    0.005783
    0.005962
    0.006135
    0.006302
    0.006463
    0.006617
    0.006766
    0.006909
    0.007045
    0.007174
    0.007297
    0.007414
    0.007524
    0.007627
    0.007724
    0.007814
    0.007897
    0.007973
    0.008042
    0.008105
    0.008160
    0.008209
    0.008251
    0.008286
    0.008313
    0.008334
    0.008348
    0.008355
    0.000441
    0.000681
    0.000920
    0.001159
    0.001395
    0.001631
    0.001865
    0.002096
    0.002326
    0.002553
    0.002777
    0.002998
    0.003217
    0.003432
    0.003643
    0.003851
    0.004054
    0.004254
    0.004449
    0.004640
    0.004826
    0.005008
    0.005184
    0.005356
    0.005522
    0.005683
    0.005839
    0.005989
    0.006133
    0.006272
    0.006405
    0.006532
    0.006653
    0.006768
    0.006878
    0.006980
    0.007077
    0.007167
    0.007252
    0.007329
    0.007401
    0.007466
    0.007525
    0.007577
    0.007622
    0.007662
    0.007694
    0.007720
    0.007740
    0.007753
    0.007760
    0.000408
    0.000630
    0.000851
    0.001071
    0.001290
    0.001508
    0.001724
    0.001938
    0.002150
    0.002361
    0.002568
    0.002773
    0.002975
    0.003175
    0.003370
    0.003563
    0.003752
    0.003937
    0.004118
    0.004296
    0.004469
    0.004637
    0.004801
    0.004961
    0.005116
    0.005266
    0.005411
    0.005550
    0.005685
    0.005814
    0.005938
    0.006057
    0.006170
    0.006278
    0.006379
    0.006476
    0.006566
    0.006651
    0.006729
    0.006802
    0.006869
    0.006930
    0.006985
    0.007033
    0.007076
    0.007113
    0.007144
    0.007168
    0.007186
    0.007199
    0.007205
    0.000377
    0.000582
    0.000786
    0.000990
    0.001193
    0.001394
    0.001594
    0.001793
    0.001989
    0.002184
    0.002376
    0.002566
    0.002753
    0.002938
    0.003119
    0.003298
    0.003473
    0.003645
    0.003813
    0.003978
    0.004138
    0.004295
    0.004447
    0.004596
    0.004740
    0.004879
    0.005014
    0.005144
    0.005270
    0.005390
    0.005506
    0.005616
    0.005722
    0.005822
    0.005917
    0.006007
    0.006091
    0.006170
    0.006244
    0.006312
    0.006374
    0.006431
    0.006482
    0.006528
    0.006568
    0.006602
    0.006631
    0.006654
    0.006671
    0.006683
    0.006689
    0.000348
    0.000538
    0.000727
    0.000916
    0.001103
    0.001290
    0.001475
    0.001658
    0.001840
    0.002021
    0.002199
    0.002375
    0.002548
    0.002719
    0.002887
    0.003053
    0.003215
    0.003375
    0.003531
    0.003684
    0.003833
    0.003978
    0.004120
    0.004258
    0.004392
    0.004521
    0.004647
    0.004768
    0.004885
    0.004997
    0.005105
    0.005208
    0.005306
    0.005399
    0.005488
    0.005572
    0.005650
    0.005724
    0.005793
    0.005856
    0.005914
    0.005968
    0.006016
    0.006058
    0.006096
    0.006128
    0.006154
    0.006176
    0.006192
    0.006203
    0.006208
    0.000322
    0.000498
    0.000673
    0.000847
    0.001021
    0.001193
    0.001365
    0.001535
    0.001703
    0.001870
    0.002035
    0.002198
    0.002359
    0.002517
    0.002673
    0.002827
    0.002978
    0.003125
    0.003270
    0.003412
    0.003550
    0.003686
    0.003817
    0.003945
    0.004070
    0.004190
    0.004307
    0.004419
    0.004528
    0.004632
    0.004733
    0.004829
    0.004920
    0.005007
    0.005090
    0.005168
    0.005241
    0.005310
    0.005374
    0.005433
    0.005487
    0.005537
    0.005581
    0.005621
    0.005656
    0.005686
    0.005711
    0.005731
    0.005746
    0.005756
    0.005761
    0.000298
    0.000461
    0.000623
    0.000784
    0.000945
    0.001105
    0.001263
    0.001421
    0.001577
    0.001731
    0.001884
    0.002035
    0.002184
    0.002331
    0.002476
    0.002618
    0.002758
    0.002895
    0.003029
    0.003161
    0.003289
    0.003415
    0.003537
    0.003656
    0.003771
    0.003883
    0.003992
    0.004096
    0.004197
    0.004294
    0.004388
    0.004477
    0.004562
    0.004643
    0.004720
    0.004792
    0.004861
    0.004925
    0.004984
    0.005040
    0.005090
    0.005136
    0.005178
    0.005215
    0.005248
    0.005276
    0.005299
    0.005318
    0.005332
    0.005341
    0.005346
    0.000276
    0.000426
    0.000576
    0.000726
    0.000875
    0.001023
    0.001169
    0.001315
    0.001460
    0.001603
    0.001745
    0.001884
    0.002023
    0.002159
    0.002293
    0.002425
    0.002554
    0.002681
    0.002806
    0.002928
    0.003047
    0.003164
    0.003277
    0.003388
    0.003495
    0.003599
    0.003700
    0.003797
    0.003891
    0.003981
    0.004068
    0.004151
    0.004230
    0.004305
    0.004377
    0.004444
    0.004508
    0.004567
    0.004623
    0.004674
    0.004722
    0.004765
    0.004803
    0.004838
    0.004868
    0.004894
    0.004916
    0.004933
    0.004947
    0.004955
    0.004960
    0.000255
    0.000395
    0.000534
    0.000672
    0.000810
    0.000947
    0.001083
    0.001218
    0.001352
    0.001484
    0.001616
    0.001745
    0.001873
    0.001999
    0.002124
    0.002246
    0.002366
    0.002484
    0.002600
    0.002713
    0.002824
    0.002932
    0.003037
    0.003139
    0.003239
    0.003336
    0.003429
    0.003519
    0.003607
    0.003691
    0.003771
    0.003848
    0.003922
    0.003992
    0.004058
    0.004121
    0.004180
    0.004236
    0.004287
    0.004335
    0.004379
    0.004419
    0.004455
    0.004487
    0.004516
    0.004540
    0.004560
    0.004576
    0.004589
    0.004597
    0.004601
    0.000236
    0.000365
    0.000494
    0.000622
    0.000750
    0.000877
    0.001003
    0.001128
    0.001252
    0.001375
    0.001496
    0.001616
    0.001735
    0.001852
    0.001967
    0.002081
    0.002192
    0.002301
    0.002409
    0.002514
    0.002616
    0.002716
    0.002814
    0.002909
    0.003002
    0.003091
    0.003178
    0.003262
    0.003343
    0.003421
    0.003496
    0.003568
    0.003636
    0.003701
    0.003763
    0.003821
    0.003876
    0.003928
    0.003976
    0.004020
    0.004061
    0.004098
    0.004132
    0.004162
    0.004188
    0.004211
    0.004230
    0.004245
    0.004256
    0.004264
    0.004267
    0.000219
    0.000338
    0.000457
    0.000576
    0.000694
    0.000812
    0.000929
    0.001045
    0.001159
    0.001273
    0.001386
    0.001497
    0.001607
    0.001716
    0.001822
    0.001927
    0.002031
    0.002132
    0.002232
    0.002329
    0.002424
    0.002517
    0.002608
    0.002696
    0.002782
    0.002865
    0.002946
    0.003024
    0.003099
    0.003171
    0.003241
    0.003307
    0.003371
    0.003431
    0.003489
    0.003543
    0.003594
    0.003642
    0.003687
    0.003728
    0.003766
    0.003801
    0.003832
    0.003860
    0.003884
    0.003905
    0.003923
    0.003937
    0.003947
    0.003954
    0.003958
    0.000202
    0.000313
    0.000423
    0.000533
    0.000643
    0.000752
    0.000860
    0.000967
    0.001074
    0.001179
    0.001284
    0.001387
    0.001489
    0.001589
    0.001688
    0.001786
    0.001881
    0.001975
    0.002068
    0.002158
    0.002246
    0.002333
    0.002417
    0.002498
    0.002578
    0.002655
    0.002730
    0.002802
    0.002872
    0.002939
    0.003004
    0.003066
    0.003125
    0.003181
    0.003234
    0.003285
    0.003332
    0.003377
    0.003418
    0.003457
    0.003492
    0.003524
    0.003553
    0.003579
    0.003602
    0.003621
    0.003638
    0.003651
    0.003660
    0.003667
    0.003670
    0.000187
    0.000290
    0.000392
    0.000494
    0.000595
    0.000696
    0.000797
    0.000896
    0.000995
    0.001092
    0.001189
    0.001285
    0.001379
    0.001472
    0.001564
    0.001654
    0.001743
    0.001830
    0.001916
    0.002000
    0.002081
    0.002161
    0.002239
    0.002315
    0.002389
    0.002461
    0.002530
    0.002597
    0.002662
    0.002725
    0.002784
    0.002842
    0.002897
    0.002949
    0.002998
    0.003045
    0.003089
    0.003131
    0.003169
    0.003205
    0.003238
    0.003267
    0.003294
    0.003319
    0.003340
    0.003358
    0.003373
    0.003385
    0.003394
    0.003400
    0.003403
    0.000173
    0.000268
    0.000363
    0.000458
    0.000552
    0.000645
    0.000738
    0.000830
    0.000921
    0.001012
    0.001102
    0.001190
    0.001278
    0.001364
    0.001449
    0.001533
    0.001615
    0.001696
    0.001775
    0.001853
    0.001929
    0.002003
    0.002075
    0.002146
    0.002214
    0.002281
    0.002345
    0.002407
    0.002467
    0.002525
    0.002581
    0.002634
    0.002685
    0.002733
    0.002779
    0.002823
    0.002864
    0.002902
    0.002938
    0.002971
    0.003001
    0.003029
    0.003054
    0.003077
    0.003096
    0.003113
    0.003127
    0.003138
    0.003147
    0.003153
    0.003156
    0.000161
    0.000249
    0.000336
    0.000424
    0.000511
    0.000597
    0.000683
    0.000769
    0.000854
    0.000937
    0.001020
    0.001103
    0.001184
    0.001264
    0.001342
    0.001420
    0.001496
    0.001571
    0.001645
    0.001717
    0.001787
    0.001856
    0.001923
    0.001988
    0.002052
    0.002113
    0.002173
    0.002231
    0.002287
    0.002340
    0.002392
    0.002441
    0.002489
    0.002534
    0.002576
    0.002617
    0.002655
    0.002690
    0.002723
    0.002754
    0.002782
    0.002808
    0.002832
    0.002852
    0.002871
    0.002886
    0.002899
    0.002910
    0.002918
    0.002923
    0.002926
    0.000149
    0.000230
    0.000311
    0.000393
    0.000473
    0.000553
    0.000633
    0.000712
    0.000791
    0.000868
    0.000945
    0.001021
    0.001097
    0.001171
    0.001244
    0.001316
    0.001386
    0.001456
    0.001524
    0.001591
    0.001656
    0.001720
    0.001782
    0.001842
    0.001901
    0.001959
    0.002014
    0.002068
    0.002119
    0.002169
    0.002217
    0.002263
    0.002306
    0.002348
    0.002388
    0.002425
    0.002461
    0.002494
    0.002524
    0.002553
    0.002579
    0.002603
    0.002625
    0.002644
    0.002661
    0.002675
    0.002688
    0.002697
    0.002705
    0.002710
    0.002712
    0.000138
    0.000213
    0.000288
    0.000364
    0.000438
    0.000513
    0.000586
    0.000660
    0.000732
    0.000804
    0.000876
    0.000946
    0.001016
    0.001085
    0.001152
    0.001219
    0.001284
    0.001349
    0.001412
    0.001474
    0.001534
    0.001593
    0.001651
    0.001707
    0.001762
    0.001815
    0.001866
    0.001916
    0.001964
    0.002010
    0.002055
    0.002097
    0.002138
    0.002176
    0.002213
    0.002248
    0.002281
    0.002311
    0.002340
    0.002366
    0.002391
    0.002413
    0.002433
    0.002451
    0.002467
    0.002480
    0.002491
    0.002500
    0.002507
    0.002512
    0.002514
    0.000127
    0.000197
    0.000267
    0.000337
    0.000406
    0.000475
    0.000543
    0.000611
    0.000678
    0.000745
    0.000811
    0.000877
    0.000941
    0.001005
    0.001068
    0.001129
    0.001190
    0.001250
    0.001308
    0.001366
    0.001422
    0.001476
    0.001530
    0.001582
    0.001633
    0.001682
    0.001729
    0.001776
    0.001820
    0.001863
    0.001904
    0.001943
    0.001981
    0.002017
    0.002051
    0.002083
    0.002114
    0.002142
    0.002169
    0.002193
    0.002216
    0.002236
    0.002255
    0.002272
    0.002286
    0.002299
    0.002309
    0.002318
    0.002324
    0.002328
    0.002330
    0.000118
    0.000183
    0.000247
    0.000312
    0.000376
    0.000440
    0.000503
    0.000566
    0.000629
    0.000690
    0.000752
    0.000812
    0.000872
    0.000931
    0.000989
    0.001046
    0.001103
    0.001158
    0.001212
    0.001265
    0.001317
    0.001368
    0.001418
    0.001466
    0.001513
    0.001558
    0.001603
    0.001645
    0.001686
    0.001726
    0.001764
    0.001801
    0.001836
    0.001869
    0.001901
    0.001931
    0.001959
    0.001985
    0.002010
    0.002033
    0.002054
    0.002073
    0.002090
    0.002105
    0.002119
    0.002131
    0.002140
    0.002148
    0.002154
    0.002158
    0.002160
    0.000109
    0.000169
    0.000229
    0.000289
    0.000348
    0.000407
    0.000466
    0.000524
    0.000582
    0.000640
    0.000696
    0.000752
    0.000808
    0.000862
    0.000916
    0.000969
    0.001021
    0.001073
    0.001123
    0.001172
    0.001220
    0.001268
    0.001313
    0.001358
    0.001402
    0.001444
    0.001485
    0.001525
    0.001563
    0.001600
    0.001635
    0.001669
    0.001701
    0.001732
    0.001761
    0.001789
    0.001815
    0.001840
    0.001863
    0.001884
    0.001903
    0.001921
    0.001937
    0.001951
    0.001964
    0.001975
    0.001984
    0.001991
    0.001996
    0.002000
    0.002002
