   -0.673074
    0.028346
   -0.756671
   -0.955584
   -0.927222
   -0.681441
   -0.371464
   -0.102167
    0.094179
    0.222660
    0.299434
    0.340351
    0.357707
    0.360158
    0.353506
    0.341537
    0.326676
    0.310455
    0.293827
    0.277370
    0.261424
    0.246177
    0.231719
    0.218084
    0.205266
    0.193238
    0.181964
    0.171399
    0.161497
    0.152214
    0.143505
    0.135331
    0.127653
    0.120435
    0.113645
    0.107254
    0.101235
    0.095562
    0.090213
    0.085168
    0.080407
    0.075913
    0.071669
    0.067661
    0.063876
    0.060299
    0.056919
    0.053726
    0.050709
    0.047857
    0.045163
    0.042617
    0.040212
    0.037940
    0.035793
    0.033766
    0.031851
    0.030043
    0.028337
    0.026726
    0.025206
    0.023772
    0.022419
    0.021143
    0.019941
    0.018807
    0.017740
    0.016734
    0.015787
    0.014896
    0.014057
    0.013269
    0.012528
    0.011832
    0.011179
    0.010566
    0.009992
    0.009455
    0.008952
    0.008482
    0.008043
    0.007634
    0.007254
    0.006901
    0.006574
    0.006271
    0.005993
    0.005737
    0.005503
    0.005290
    0.005097
    0.004924
    0.004770
    0.004634
    0.004517
    0.004417
    0.004334
    0.004268
    0.004218
    0.004186
    0.004169
