   -0.560272
   -0.501029
   -0.467067
   -0.444393
   -0.426280
   -0.409648
   -0.393225
   -0.376603
   -0.359767
   -0.342850
   -0.326033
   -0.309484
   -0.293346
   -0.277725
   -0.262701
   -0.248324
   -0.234625
   -0.221615
   -0.209295
   -0.197654
   -0.186678
   -0.176345
   -0.166630
   -0.157510
   -0.148955
   -0.140941
   -0.133440
   -0.126427
   -0.119877
   -0.113767
   -0.108073
   -0.102775
   -0.097854
   -0.093291
   -0.089068
   -0.085168
   -0.081579
   -0.078287
   -0.075278
   -0.072542
   -0.070068
   -0.067848
   -0.065873
   -0.064136
   -0.062630
   -0.061349
   -0.060290
   -0.059448
   -0.058821
   -0.058405
   -0.058200
   -0.225553
   -0.343039
   -0.396507
   -0.415902
   -0.417029
   -0.408348
   -0.394471
   -0.377961
   -0.360270
   -0.342240
   -0.324363
   -0.306931
   -0.290114
   -0.274009
   -0.258666
   -0.244106
   -0.230327
   -0.217318
   -0.205057
   -0.193519
   -0.182674
   -0.172491
   -0.162938
   -0.153984
   -0.145597
   -0.137748
   -0.130409
   -0.123551
   -0.117149
   -0.111179
   -0.105618
   -0.100444
   -0.095638
   -0.091182
   -0.087059
   -0.083252
   -0.079747
   -0.076532
   -0.073593
   -0.070921
   -0.068506
   -0.066337
   -0.064407
   -0.062710
   -0.061239
   -0.059989
   -0.058954
   -0.058131
   -0.057518
   -0.057112
   -0.056911
   -0.650321
   -0.585193
   -0.538898
   -0.501607
   -0.469083
   -0.439528
   -0.412181
   -0.386701
   -0.362909
   -0.340683
   -0.319925
   -0.300541
   -0.282442
   -0.265540
   -0.249755
   -0.235009
   -0.221230
   -0.208354
   -0.196318
   -0.185066
   -0.174547
   -0.164713
   -0.155519
   -0.146925
   -0.138894
   -0.131390
   -0.124382
   -0.117840
   -0.111739
   -0.106051
   -0.100755
   -0.095830
   -0.091255
   -0.087013
   -0.083087
   -0.079463
   -0.076126
   -0.073063
   -0.070264
   -0.067718
   -0.065416
   -0.063349
   -0.061510
   -0.059891
   -0.058488
   -0.057295
   -0.056308
   -0.055524
   -0.054938
   -0.054551
   -0.054360
   -0.817445
   -0.709647
   -0.625023
   -0.557522
   -0.502578
   -0.456920
   -0.418236
   -0.384899
   -0.355751
   -0.329957
   -0.306906
   -0.286134
   -0.267293
   -0.250106
   -0.234357
   -0.219873
   -0.206509
   -0.194147
   -0.182689
   -0.172048
   -0.162155
   -0.152945
   -0.144365
   -0.136365
   -0.128905
   -0.121946
   -0.115454
   -0.109399
   -0.103754
   -0.098493
   -0.093596
   -0.089041
   -0.084809
   -0.080884
   -0.077250
   -0.073895
   -0.070804
   -0.067966
   -0.065371
   -0.063011
   -0.060875
   -0.058956
   -0.057248
   -0.055745
   -0.054441
   -0.053333
   -0.052415
   -0.051686
   -0.051142
   -0.050782
   -0.050604
   -0.794925
   -0.689261
   -0.604155
   -0.534946
   -0.478051
   -0.430726
   -0.390879
   -0.356918
   -0.327635
   -0.302111
   -0.279639
   -0.259679
   -0.241806
   -0.225691
   -0.211073
   -0.197744
   -0.185535
   -0.174310
   -0.163955
   -0.154378
   -0.145501
   -0.137257
   -0.129590
   -0.122451
   -0.115798
   -0.109595
   -0.103809
   -0.098412
   -0.093379
   -0.088686
   -0.084314
   -0.080244
   -0.076461
   -0.072949
   -0.069696
   -0.066688
   -0.063916
   -0.061368
   -0.059036
   -0.056913
   -0.054992
   -0.053264
   -0.051725
   -0.050370
   -0.049194
   -0.048194
   -0.047366
   -0.046707
   -0.046216
   -0.045891
   -0.045731
   -0.605947
   -0.540407
   -0.483928
   -0.435408
   -0.393718
   -0.357803
   -0.326731
   -0.299701
   -0.276040
   -0.255190
   -0.236694
   -0.220178
   -0.205339
   -0.191929
   -0.179745
   -0.168622
   -0.158424
   -0.149038
   -0.140372
   -0.132348
   -0.124902
   -0.117977
   -0.111526
   -0.105511
   -0.099896
   -0.094651
   -0.089749
   -0.085168
   -0.080887
   -0.076889
   -0.073156
   -0.069675
   -0.066432
   -0.063417
   -0.060619
   -0.058028
   -0.055635
   -0.053434
   -0.051416
   -0.049576
   -0.047908
   -0.046408
   -0.045070
   -0.043891
   -0.042867
   -0.041995
   -0.041273
   -0.040698
   -0.040270
   -0.039986
   -0.039846
   -0.354772
   -0.334910
   -0.313965
   -0.293186
   -0.273284
   -0.254617
   -0.237329
   -0.221436
   -0.206879
   -0.193562
   -0.181376
   -0.170209
   -0.159954
   -0.150511
   -0.141795
   -0.133728
   -0.126241
   -0.119278
   -0.112786
   -0.106724
   -0.101053
   -0.095741
   -0.090760
   -0.086085
   -0.081695
   -0.077572
   -0.073698
   -0.070061
   -0.066646
   -0.063442
   -0.060439
   -0.057627
   -0.054999
   -0.052546
   -0.050262
   -0.048141
   -0.046177
   -0.044365
   -0.042700
   -0.041180
   -0.039797
   -0.038552
   -0.037440
   -0.036458
   -0.035604
   -0.034877
   -0.034273
   -0.033793
   -0.033435
   -0.033198
   -0.033081
   -0.123405
   -0.136193
   -0.142955
   -0.145497
   -0.145134
   -0.142815
   -0.139220
   -0.134827
   -0.129968
   -0.124874
   -0.119699
   -0.114549
   -0.109490
   -0.104565
   -0.099800
   -0.095210
   -0.090801
   -0.086575
   -0.082530
   -0.078664
   -0.074972
   -0.071448
   -0.068088
   -0.064887
   -0.061840
   -0.058942
   -0.056188
   -0.053575
   -0.051098
   -0.048753
   -0.046538
   -0.044448
   -0.042480
   -0.040633
   -0.038903
   -0.037287
   -0.035784
   -0.034390
   -0.033105
   -0.031926
   -0.030851
   -0.029879
   -0.029009
   -0.028238
   -0.027568
   -0.026995
   -0.026520
   -0.026141
   -0.025858
   -0.025671
   -0.025579
    0.055133
    0.024880
    0.001666
   -0.015966
   -0.029202
   -0.038996
   -0.046106
   -0.051130
   -0.054536
   -0.056691
   -0.057880
   -0.058324
   -0.058194
   -0.057625
   -0.056723
   -0.055569
   -0.054226
   -0.052747
   -0.051170
   -0.049527
   -0.047844
   -0.046141
   -0.044435
   -0.042740
   -0.041065
   -0.039420
   -0.037813
   -0.036249
   -0.034734
   -0.033271
   -0.031863
   -0.030514
   -0.029226
   -0.028001
   -0.026840
   -0.025744
   -0.024715
   -0.023753
   -0.022858
   -0.022032
   -0.021274
   -0.020585
   -0.019965
   -0.019414
   -0.018932
   -0.018520
   -0.018176
   -0.017902
   -0.017697
   -0.017562
   -0.017496
    0.178708
    0.141959
    0.111397
    0.086090
    0.065213
    0.048043
    0.033965
    0.022452
    0.013067
    0.005444
   -0.000722
   -0.005682
   -0.009643
   -0.012778
   -0.015228
   -0.017109
   -0.018518
   -0.019535
   -0.020226
   -0.020649
   -0.020848
   -0.020863
   -0.020728
   -0.020470
   -0.020112
   -0.019675
   -0.019177
   -0.018632
   -0.018053
   -0.017450
   -0.016834
   -0.016212
   -0.015592
   -0.014980
   -0.014380
   -0.013799
   -0.013239
   -0.012704
   -0.012197
   -0.011722
   -0.011279
   -0.010872
   -0.010501
   -0.010169
   -0.009876
   -0.009624
   -0.009413
   -0.009243
   -0.009117
   -0.009033
   -0.008993
    0.257260
    0.220372
    0.188276
    0.160466
    0.136450
    0.115766
    0.097989
    0.082734
    0.069661
    0.058469
    0.048896
    0.040716
    0.033733
    0.027778
    0.022706
    0.018394
    0.014735
    0.011637
    0.009024
    0.006828
    0.004991
    0.003464
    0.002203
    0.001172
    0.000339
   -0.000325
   -0.000844
   -0.001238
   -0.001526
   -0.001726
   -0.001850
   -0.001911
   -0.001920
   -0.001887
   -0.001821
   -0.001728
   -0.001616
   -0.001490
   -0.001355
   -0.001216
   -0.001077
   -0.000940
   -0.000810
   -0.000689
   -0.000579
   -0.000481
   -0.000398
   -0.000331
   -0.000280
   -0.000247
   -0.000231
    0.302769
    0.268837
    0.238364
    0.211124
    0.186863
    0.165322
    0.146242
    0.129376
    0.114490
    0.101365
    0.089805
    0.079630
    0.070679
    0.062808
    0.055889
    0.049809
    0.044468
    0.039779
    0.035663
    0.032052
    0.028888
    0.026116
    0.023691
    0.021571
    0.019721
    0.018108
    0.016706
    0.015487
    0.014432
    0.013520
    0.012734
    0.012058
    0.011479
    0.010985
    0.010566
    0.010210
    0.009912
    0.009661
    0.009452
    0.009279
    0.009136
    0.009020
    0.008925
    0.008849
    0.008788
    0.008740
    0.008703
    0.008676
    0.008655
    0.008642
    0.008634
    0.325481
    0.295672
    0.268254
    0.243155
    0.220276
    0.199490
    0.180660
    0.163645
    0.148300
    0.134481
    0.122055
    0.110892
    0.100871
    0.091882
    0.083823
    0.076599
    0.070127
    0.064329
    0.059136
    0.054487
    0.050324
    0.046597
    0.043263
    0.040279
    0.037611
    0.035225
    0.033093
    0.031188
    0.029488
    0.027971
    0.026618
    0.025413
    0.024341
    0.023388
    0.022541
    0.021791
    0.021127
    0.020542
    0.020026
    0.019573
    0.019178
    0.018834
    0.018536
    0.018282
    0.018066
    0.017887
    0.017741
    0.017626
    0.017541
    0.017485
    0.017456
    0.333086
    0.307564
    0.283639
    0.261324
    0.240599
    0.221425
    0.203742
    0.187479
    0.172558
    0.158896
    0.146407
    0.135006
    0.124612
    0.115145
    0.106527
    0.098690
    0.091565
    0.085092
    0.079211
    0.073872
    0.069025
    0.064626
    0.060635
    0.057014
    0.053730
    0.050752
    0.048053
    0.045608
    0.043393
    0.041387
    0.039573
    0.037933
    0.036451
    0.035114
    0.033909
    0.032825
    0.031851
    0.030978
    0.030198
    0.029505
    0.028890
    0.028348
    0.027874
    0.027463
    0.027112
    0.026817
    0.026575
    0.026384
    0.026242
    0.026147
    0.026099
    0.331009
    0.309469
    0.288966
    0.269547
    0.251236
    0.234039
    0.217944
    0.202926
    0.188951
    0.175975
    0.163952
    0.152830
    0.142559
    0.133085
    0.124357
    0.116322
    0.108932
    0.102141
    0.095903
    0.090177
    0.084923
    0.080104
    0.075686
    0.071637
    0.067929
    0.064533
    0.061425
    0.058581
    0.055980
    0.053604
    0.051434
    0.049455
    0.047651
    0.046009
    0.044516
    0.043162
    0.041935
    0.040827
    0.039831
    0.038937
    0.038139
    0.037432
    0.036810
    0.036268
    0.035802
    0.035408
    0.035085
    0.034829
    0.034638
    0.034511
    0.034448
    0.322937
    0.304902
    0.287515
    0.270837
    0.254911
    0.239765
    0.225414
    0.211858
    0.199091
    0.187098
    0.175856
    0.165341
    0.155522
    0.146368
    0.137845
    0.129920
    0.122559
    0.115728
    0.109395
    0.103528
    0.098097
    0.093072
    0.088427
    0.084134
    0.080170
    0.076512
    0.073138
    0.070028
    0.067163
    0.064527
    0.062103
    0.059877
    0.057835
    0.055965
    0.054254
    0.052693
    0.051272
    0.049981
    0.048814
    0.047762
    0.046819
    0.045980
    0.045238
    0.044590
    0.044032
    0.043559
    0.043170
    0.042860
    0.042630
    0.042477
    0.042400
    0.311328
    0.296289
    0.281634
    0.267425
    0.253711
    0.240530
    0.227907
    0.215861
    0.204397
    0.193520
    0.183223
    0.173497
    0.164328
    0.155701
    0.147596
    0.139993
    0.132869
    0.126203
    0.119973
    0.114155
    0.108728
    0.103670
    0.098959
    0.094575
    0.090499
    0.086712
    0.083197
    0.079937
    0.076916
    0.074120
    0.071534
    0.069147
    0.066945
    0.064918
    0.063056
    0.061349
    0.059787
    0.058364
    0.057071
    0.055902
    0.054850
    0.053911
    0.053080
    0.052351
    0.051721
    0.051187
    0.050747
    0.050396
    0.050135
    0.049962
    0.049875
    0.297794
    0.285274
    0.272962
    0.260915
    0.249182
    0.237801
    0.226804
    0.216212
    0.206045
    0.196312
    0.187018
    0.178166
    0.169751
    0.161768
    0.154209
    0.147063
    0.140317
    0.133957
    0.127970
    0.122341
    0.117053
    0.112092
    0.107443
    0.103090
    0.099018
    0.095213
    0.091661
    0.088348
    0.085263
    0.082393
    0.079726
    0.077253
    0.074961
    0.072842
    0.070887
    0.069089
    0.067437
    0.065927
    0.064551
    0.063302
    0.062177
    0.061169
    0.060274
    0.059488
    0.058808
    0.058231
    0.057754
    0.057374
    0.057091
    0.056903
    0.056809
    0.283374
    0.272957
    0.262632
    0.252449
    0.242451
    0.232677
    0.223158
    0.213918
    0.204979
    0.196355
    0.188059
    0.180097
    0.172473
    0.165189
    0.158243
    0.151630
    0.145346
    0.139383
    0.133733
    0.128387
    0.123336
    0.118569
    0.114076
    0.109845
    0.105867
    0.102130
    0.098625
    0.095340
    0.092266
    0.089394
    0.086713
    0.084216
    0.081895
    0.079740
    0.077745
    0.075903
    0.074207
    0.072650
    0.071229
    0.069936
    0.068767
    0.067718
    0.066785
    0.065964
    0.065253
    0.064648
    0.064147
    0.063749
    0.063452
    0.063254
    0.063155
    0.268732
    0.260063
    0.251412
    0.242820
    0.234326
    0.225963
    0.217761
    0.209745
    0.201937
    0.194354
    0.187009
    0.179913
    0.173075
    0.166500
    0.160189
    0.154145
    0.148367
    0.142851
    0.137596
    0.132595
    0.127844
    0.123336
    0.119065
    0.115024
    0.111206
    0.107603
    0.104208
    0.101012
    0.098010
    0.095193
    0.092554
    0.090086
    0.087784
    0.085640
    0.083649
    0.081805
    0.080102
    0.078535
    0.077100
    0.075792
    0.074607
    0.073541
    0.072592
    0.071756
    0.071030
    0.070412
    0.069900
    0.069493
    0.069189
    0.068986
    0.068885
    0.254280
    0.247067
    0.239822
    0.232581
    0.225378
    0.218243
    0.211202
    0.204278
    0.197492
    0.190862
    0.184401
    0.178123
    0.172038
    0.166152
    0.160471
    0.155001
    0.149743
    0.144697
    0.139864
    0.135242
    0.130830
    0.126623
    0.122619
    0.118814
    0.115202
    0.111779
    0.108540
    0.105481
    0.102595
    0.099877
    0.097322
    0.094926
    0.092683
    0.090587
    0.088636
    0.086823
    0.085145
    0.083597
    0.082177
    0.080879
    0.079701
    0.078641
    0.077694
    0.076859
    0.076133
    0.075515
    0.075002
    0.074594
    0.074288
    0.074085
    0.073984
    0.240267
    0.234264
    0.228201
    0.222107
    0.216011
    0.209937
    0.203910
    0.197950
    0.192077
    0.186306
    0.180654
    0.175132
    0.169750
    0.164519
    0.159445
    0.154533
    0.149789
    0.145215
    0.140813
    0.136585
    0.132529
    0.128646
    0.124935
    0.121392
    0.118017
    0.114806
    0.111757
    0.108865
    0.106128
    0.103543
    0.101105
    0.098810
    0.096656
    0.094639
    0.092755
    0.091000
    0.089373
    0.087868
    0.086484
    0.085218
    0.084066
    0.083028
    0.082099
    0.081280
    0.080566
    0.079958
    0.079453
    0.079050
    0.078749
    0.078549
    0.078449
    0.226833
    0.221842
    0.216773
    0.211651
    0.206500
    0.201342
    0.196196
    0.191082
    0.186017
    0.181016
    0.176093
    0.171260
    0.166528
    0.161906
    0.157402
    0.153023
    0.148773
    0.144659
    0.140682
    0.136846
    0.133152
    0.129600
    0.126193
    0.122929
    0.119807
    0.116827
    0.113987
    0.111285
    0.108719
    0.106288
    0.103989
    0.101819
    0.099777
    0.097859
    0.096064
    0.094389
    0.092831
    0.091388
    0.090058
    0.088840
    0.087730
    0.086727
    0.085829
    0.085035
    0.084344
    0.083754
    0.083264
    0.082873
    0.082581
    0.082387
    0.082290
    0.214049
    0.209906
    0.205676
    0.201379
    0.197037
    0.192666
    0.188286
    0.183911
    0.179558
    0.175240
    0.170971
    0.166760
    0.162619
    0.158557
    0.154581
    0.150700
    0.146919
    0.143242
    0.139675
    0.136220
    0.132881
    0.129660
    0.126558
    0.123575
    0.120714
    0.117974
    0.115354
    0.112854
    0.110473
    0.108211
    0.106066
    0.104036
    0.102121
    0.100318
    0.098627
    0.097045
    0.095571
    0.094204
    0.092941
    0.091782
    0.090726
    0.089769
    0.088912
    0.088154
    0.087492
    0.086927
    0.086458
    0.086083
    0.085803
    0.085616
    0.085523
    0.201944
    0.198513
    0.194992
    0.191398
    0.187747
    0.184055
    0.180337
    0.176608
    0.172880
    0.169166
    0.165478
    0.161826
    0.158219
    0.154667
    0.151176
    0.147755
    0.144409
    0.141144
    0.137964
    0.134875
    0.131878
    0.128977
    0.126174
    0.123471
    0.120869
    0.118369
    0.115973
    0.113680
    0.111490
    0.109404
    0.107421
    0.105540
    0.103762
    0.102084
    0.100507
    0.099029
    0.097649
    0.096367
    0.095181
    0.094091
    0.093095
    0.092193
    0.091384
    0.090667
    0.090042
    0.089507
    0.089062
    0.088707
    0.088441
    0.088264
    0.088176
    0.190515
    0.187687
    0.184768
    0.181772
    0.178714
    0.175607
    0.172464
    0.169296
    0.166116
    0.162935
    0.159762
    0.156608
    0.153482
    0.150390
    0.147341
    0.144342
    0.141398
    0.138515
    0.135698
    0.132951
    0.130278
    0.127683
    0.125167
    0.122734
    0.120386
    0.118124
    0.115949
    0.113862
    0.111865
    0.109957
    0.108139
    0.106411
    0.104774
    0.103226
    0.101768
    0.100400
    0.099120
    0.097929
    0.096826
    0.095811
    0.094882
    0.094040
    0.093283
    0.092612
    0.092026
    0.091525
    0.091108
    0.090775
    0.090525
    0.090359
    0.090276
    0.179747
    0.177429
    0.175022
    0.172538
    0.169989
    0.167386
    0.164740
    0.162062
    0.159362
    0.156650
    0.153934
    0.151223
    0.148526
    0.145849
    0.143199
    0.140583
    0.138007
    0.135475
    0.132994
    0.130567
    0.128198
    0.125891
    0.123648
    0.121473
    0.119368
    0.117334
    0.115374
    0.113490
    0.111681
    0.109950
    0.108297
    0.106722
    0.105227
    0.103811
    0.102475
    0.101218
    0.100042
    0.098945
    0.097928
    0.096990
    0.096131
    0.095352
    0.094651
    0.094029
    0.093486
    0.093020
    0.092633
    0.092323
    0.092091
    0.091937
    0.091860
    0.169611
    0.167727
    0.165757
    0.163712
    0.161601
    0.159434
    0.157220
    0.154968
    0.152689
    0.150388
    0.148075
    0.145758
    0.143443
    0.141137
    0.138847
    0.136579
    0.134337
    0.132127
    0.129954
    0.127822
    0.125735
    0.123697
    0.121710
    0.119778
    0.117903
    0.116088
    0.114334
    0.112643
    0.111017
    0.109458
    0.107965
    0.106541
    0.105186
    0.103901
    0.102686
    0.101541
    0.100468
    0.099466
    0.098536
    0.097677
    0.096890
    0.096175
    0.095531
    0.094959
    0.094459
    0.094030
    0.093673
    0.093388
    0.093174
    0.093032
    0.092962
    0.160074
    0.158561
    0.156966
    0.155297
    0.153564
    0.151774
    0.149935
    0.148056
    0.146143
    0.144205
    0.142248
    0.140279
    0.138305
    0.136331
    0.134363
    0.132407
    0.130468
    0.128551
    0.126660
    0.124799
    0.122972
    0.121182
    0.119434
    0.117729
    0.116070
    0.114460
    0.112901
    0.111395
    0.109943
    0.108548
    0.107210
    0.105932
    0.104713
    0.103554
    0.102458
    0.101423
    0.100452
    0.099544
    0.098699
    0.097919
    0.097203
    0.096552
    0.095966
    0.095444
    0.094988
    0.094596
    0.094270
    0.094009
    0.093814
    0.093684
    0.093619
    0.151103
    0.149907
    0.148633
    0.147289
    0.145882
    0.144419
    0.142907
    0.141352
    0.139761
    0.138141
    0.136497
    0.134837
    0.133165
    0.131487
    0.129808
    0.128133
    0.126467
    0.124814
    0.123179
    0.121565
    0.119976
    0.118416
    0.116887
    0.115392
    0.113935
    0.112516
    0.111140
    0.109808
    0.108521
    0.107282
    0.106091
    0.104951
    0.103863
    0.102826
    0.101844
    0.100916
    0.100043
    0.099226
    0.098465
    0.097762
    0.097116
    0.096527
    0.095997
    0.095525
    0.095112
    0.094757
    0.094462
    0.094226
    0.094048
    0.093930
    0.093872
    0.142661
    0.141738
    0.140741
    0.139678
    0.138553
    0.137373
    0.136145
    0.134873
    0.133564
    0.132223
    0.130856
    0.129468
    0.128064
    0.126649
    0.125228
    0.123805
    0.122384
    0.120970
    0.119567
    0.118177
    0.116806
    0.115455
    0.114127
    0.112826
    0.111554
    0.110314
    0.109108
    0.107938
    0.106805
    0.105712
    0.104660
    0.103651
    0.102686
    0.101766
    0.100892
    0.100066
    0.099287
    0.098558
    0.097878
    0.097249
    0.096670
    0.096142
    0.095666
    0.095243
    0.094871
    0.094553
    0.094287
    0.094074
    0.093915
    0.093809
    0.093756
    0.134716
    0.134027
    0.133270
    0.132448
    0.131568
    0.130635
    0.129653
    0.128629
    0.127566
    0.126471
    0.125347
    0.124200
    0.123034
    0.121853
    0.120661
    0.119463
    0.118263
    0.117064
    0.115869
    0.114683
    0.113508
    0.112348
    0.111204
    0.110081
    0.108980
    0.107904
    0.106854
    0.105834
    0.104845
    0.103888
    0.102966
    0.102080
    0.101230
    0.100419
    0.099648
    0.098918
    0.098229
    0.097583
    0.096980
    0.096421
    0.095906
    0.095437
    0.095013
    0.094636
    0.094305
    0.094021
    0.093784
    0.093594
    0.093451
    0.093356
    0.093309
    0.127235
    0.126748
    0.126197
    0.125585
    0.124917
    0.124198
    0.123432
    0.122624
    0.121778
    0.120897
    0.119988
    0.119053
    0.118097
    0.117123
    0.116136
    0.115139
    0.114136
    0.113129
    0.112122
    0.111119
    0.110123
    0.109135
    0.108159
    0.107197
    0.106253
    0.105327
    0.104422
    0.103540
    0.102683
    0.101852
    0.101050
    0.100278
    0.099537
    0.098828
    0.098153
    0.097513
    0.096908
    0.096340
    0.095809
    0.095317
    0.094863
    0.094449
    0.094075
    0.093741
    0.093448
    0.093197
    0.092987
    0.092819
    0.092693
    0.092609
    0.092567
    0.120187
    0.119874
    0.119501
    0.119070
    0.118587
    0.118054
    0.117476
    0.116857
    0.116200
    0.115509
    0.114788
    0.114040
    0.113270
    0.112481
    0.111675
    0.110857
    0.110029
    0.109194
    0.108357
    0.107518
    0.106682
    0.105851
    0.105027
    0.104212
    0.103409
    0.102620
    0.101847
    0.101092
    0.100356
    0.099642
    0.098951
    0.098284
    0.097643
    0.097029
    0.096443
    0.095887
    0.095360
    0.094865
    0.094402
    0.093972
    0.093576
    0.093213
    0.092886
    0.092593
    0.092337
    0.092116
    0.091932
    0.091784
    0.091673
    0.091599
    0.091563
    0.113544
    0.113382
    0.113162
    0.112889
    0.112565
    0.112195
    0.111781
    0.111326
    0.110835
    0.110310
    0.109754
    0.109172
    0.108566
    0.107939
    0.107295
    0.106635
    0.105964
    0.105283
    0.104597
    0.103906
    0.103214
    0.102523
    0.101836
    0.101154
    0.100480
    0.099816
    0.099163
    0.098523
    0.097899
    0.097291
    0.096701
    0.096131
    0.095583
    0.095056
    0.094553
    0.094073
    0.093620
    0.093192
    0.092792
    0.092420
    0.092077
    0.091763
    0.091479
    0.091225
    0.091002
    0.090810
    0.090650
    0.090521
    0.090425
    0.090360
    0.090329
    0.107278
    0.107246
    0.107160
    0.107023
    0.106838
    0.106609
    0.106337
    0.106026
    0.105680
    0.105300
    0.104891
    0.104454
    0.103993
    0.103510
    0.103008
    0.102489
    0.101957
    0.101414
    0.100862
    0.100304
    0.099741
    0.099176
    0.098612
    0.098050
    0.097492
    0.096940
    0.096396
    0.095862
    0.095339
    0.094828
    0.094331
    0.093850
    0.093385
    0.092938
    0.092511
    0.092103
    0.091716
    0.091352
    0.091010
    0.090691
    0.090397
    0.090127
    0.089883
    0.089665
    0.089473
    0.089308
    0.089170
    0.089060
    0.088977
    0.088921
    0.088894
    0.101367
    0.101447
    0.101475
    0.101456
    0.101392
    0.101285
    0.101137
    0.100952
    0.100733
    0.100481
    0.100198
    0.099889
    0.099556
    0.099199
    0.098824
    0.098430
    0.098022
    0.097600
    0.097168
    0.096728
    0.096281
    0.095830
    0.095376
    0.094922
    0.094468
    0.094018
    0.093572
    0.093133
    0.092701
    0.092278
    0.091866
    0.091465
    0.091078
    0.090704
    0.090345
    0.090003
    0.089678
    0.089370
    0.089082
    0.088812
    0.088563
    0.088335
    0.088128
    0.087943
    0.087780
    0.087640
    0.087522
    0.087428
    0.087357
    0.087310
    0.087287
    0.095787
    0.095963
    0.096091
    0.096174
    0.096213
    0.096212
    0.096173
    0.096098
    0.095988
    0.095847
    0.095677
    0.095480
    0.095259
    0.095014
    0.094750
    0.094466
    0.094167
    0.093854
    0.093529
    0.093193
    0.092849
    0.092499
    0.092144
    0.091786
    0.091427
    0.091068
    0.090711
    0.090357
    0.090008
    0.089665
    0.089329
    0.089001
    0.088683
    0.088376
    0.088081
    0.087798
    0.087528
    0.087273
    0.087033
    0.086809
    0.086602
    0.086411
    0.086238
    0.086083
    0.085946
    0.085829
    0.085730
    0.085651
    0.085592
    0.085552
    0.085532
    0.090518
    0.090776
    0.090989
    0.091160
    0.091290
    0.091381
    0.091435
    0.091454
    0.091441
    0.091398
    0.091326
    0.091227
    0.091103
    0.090957
    0.090790
    0.090605
    0.090402
    0.090185
    0.089954
    0.089712
    0.089459
    0.089199
    0.088932
    0.088661
    0.088385
    0.088108
    0.087831
    0.087554
    0.087279
    0.087007
    0.086740
    0.086479
    0.086224
    0.085977
    0.085738
    0.085509
    0.085291
    0.085083
    0.084888
    0.084705
    0.084535
    0.084378
    0.084236
    0.084109
    0.083996
    0.083899
    0.083818
    0.083753
    0.083704
    0.083671
    0.083655
    0.085540
    0.085869
    0.086155
    0.086401
    0.086608
    0.086779
    0.086914
    0.087016
    0.087087
    0.087127
    0.087140
    0.087127
    0.087090
    0.087030
    0.086949
    0.086849
    0.086732
    0.086599
    0.086451
    0.086292
    0.086121
    0.085940
    0.085752
    0.085557
    0.085357
    0.085153
    0.084946
    0.084738
    0.084530
    0.084323
    0.084118
    0.083916
    0.083718
    0.083525
    0.083338
    0.083157
    0.082984
    0.082820
    0.082664
    0.082518
    0.082383
    0.082257
    0.082143
    0.082041
    0.081951
    0.081872
    0.081807
    0.081754
    0.081715
    0.081688
    0.081675
    0.080837
    0.081225
    0.081573
    0.081884
    0.082157
    0.082396
    0.082601
    0.082775
    0.082918
    0.083032
    0.083119
    0.083181
    0.083218
    0.083233
    0.083228
    0.083203
    0.083161
    0.083102
    0.083028
    0.082941
    0.082842
    0.082733
    0.082614
    0.082487
    0.082353
    0.082214
    0.082071
    0.081924
    0.081776
    0.081626
    0.081476
    0.081328
    0.081180
    0.081036
    0.080895
    0.080759
    0.080627
    0.080502
    0.080382
    0.080270
    0.080165
    0.080068
    0.079979
    0.079899
    0.079829
    0.079768
    0.079716
    0.079675
    0.079644
    0.079623
    0.079613
    0.076391
    0.076829
    0.077231
    0.077596
    0.077926
    0.078223
    0.078488
    0.078723
    0.078928
    0.079106
    0.079257
    0.079384
    0.079487
    0.079568
    0.079628
    0.079669
    0.079692
    0.079698
    0.079689
    0.079666
    0.079630
    0.079583
    0.079526
    0.079459
    0.079385
    0.079303
    0.079216
    0.079124
    0.079028
    0.078930
    0.078830
    0.078728
    0.078627
    0.078526
    0.078427
    0.078330
    0.078235
    0.078144
    0.078057
    0.077975
    0.077898
    0.077826
    0.077760
    0.077701
    0.077648
    0.077602
    0.077564
    0.077533
    0.077510
    0.077494
    0.077486
    0.072187
    0.072668
    0.073114
    0.073525
    0.073904
    0.074250
    0.074567
    0.074854
    0.075113
    0.075345
    0.075551
    0.075734
    0.075893
    0.076031
    0.076148
    0.076247
    0.076327
    0.076390
    0.076438
    0.076471
    0.076491
    0.076498
    0.076495
    0.076482
    0.076459
    0.076429
    0.076391
    0.076348
    0.076299
    0.076246
    0.076189
    0.076130
    0.076070
    0.076008
    0.075945
    0.075883
    0.075822
    0.075762
    0.075704
    0.075648
    0.075596
    0.075547
    0.075502
    0.075461
    0.075424
    0.075392
    0.075365
    0.075343
    0.075327
    0.075316
    0.075310
    0.068212
    0.068728
    0.069211
    0.069661
    0.070080
    0.070469
    0.070828
    0.071160
    0.071464
    0.071743
    0.071997
    0.072228
    0.072436
    0.072623
    0.072790
    0.072937
    0.073067
    0.073180
    0.073277
    0.073359
    0.073428
    0.073483
    0.073527
    0.073561
    0.073584
    0.073598
    0.073605
    0.073604
    0.073596
    0.073584
    0.073566
    0.073545
    0.073520
    0.073492
    0.073462
    0.073431
    0.073399
    0.073367
    0.073335
    0.073304
    0.073273
    0.073245
    0.073218
    0.073193
    0.073171
    0.073151
    0.073134
    0.073121
    0.073111
    0.073104
    0.073100
    0.064453
    0.064997
    0.065510
    0.065993
    0.066445
    0.066869
    0.067265
    0.067634
    0.067977
    0.068296
    0.068590
    0.068862
    0.069112
    0.069341
    0.069550
    0.069741
    0.069913
    0.070069
    0.070209
    0.070334
    0.070444
    0.070542
    0.070627
    0.070701
    0.070765
    0.070818
    0.070863
    0.070900
    0.070929
    0.070952
    0.070968
    0.070980
    0.070987
    0.070989
    0.070989
    0.070985
    0.070979
    0.070972
    0.070963
    0.070952
    0.070942
    0.070931
    0.070920
    0.070910
    0.070900
    0.070892
    0.070884
    0.070878
    0.070873
    0.070870
    0.070869
    0.060897
    0.061465
    0.062002
    0.062510
    0.062990
    0.063443
    0.063869
    0.064270
    0.064645
    0.064997
    0.065326
    0.065632
    0.065918
    0.066183
    0.066428
    0.066656
    0.066865
    0.067058
    0.067234
    0.067396
    0.067543
    0.067677
    0.067798
    0.067908
    0.068006
    0.068094
    0.068172
    0.068242
    0.068303
    0.068357
    0.068404
    0.068444
    0.068479
    0.068508
    0.068533
    0.068554
    0.068571
    0.068585
    0.068596
    0.068605
    0.068612
    0.068617
    0.068620
    0.068623
    0.068625
    0.068626
    0.068626
    0.068627
    0.068627
    0.068627
    0.068627
    0.057534
    0.058119
    0.058676
    0.059205
    0.059707
    0.060183
    0.060634
    0.061060
    0.061463
    0.061842
    0.062200
    0.062535
    0.062851
    0.063146
    0.063423
    0.063681
    0.063922
    0.064146
    0.064354
    0.064548
    0.064726
    0.064891
    0.065044
    0.065184
    0.065312
    0.065430
    0.065537
    0.065635
    0.065725
    0.065805
    0.065878
    0.065944
    0.066003
    0.066056
    0.066103
    0.066145
    0.066183
    0.066216
    0.066245
    0.066270
    0.066292
    0.066311
    0.066327
    0.066341
    0.066353
    0.066362
    0.066370
    0.066376
    0.066381
    0.066384
    0.066385
    0.054352
    0.054950
    0.055522
    0.056067
    0.056587
    0.057082
    0.057553
    0.058000
    0.058424
    0.058826
    0.059207
    0.059567
    0.059908
    0.060229
    0.060531
    0.060815
    0.061083
    0.061334
    0.061569
    0.061789
    0.061995
    0.062187
    0.062366
    0.062532
    0.062686
    0.062830
    0.062962
    0.063085
    0.063198
    0.063302
    0.063398
    0.063486
    0.063566
    0.063639
    0.063706
    0.063767
    0.063821
    0.063871
    0.063915
    0.063955
    0.063991
    0.064022
    0.064049
    0.064073
    0.064094
    0.064111
    0.064125
    0.064136
    0.064144
    0.064149
    0.064152
    0.051342
    0.051950
    0.052532
    0.053090
    0.053623
    0.054132
    0.054618
    0.055082
    0.055524
    0.055944
    0.056344
    0.056724
    0.057085
    0.057427
    0.057751
    0.058057
    0.058347
    0.058620
    0.058878
    0.059121
    0.059349
    0.059564
    0.059765
    0.059954
    0.060131
    0.060296
    0.060450
    0.060594
    0.060728
    0.060852
    0.060967
    0.061074
    0.061173
    0.061264
    0.061347
    0.061424
    0.061494
    0.061558
    0.061616
    0.061668
    0.061715
    0.061757
    0.061794
    0.061827
    0.061855
    0.061878
    0.061898
    0.061913
    0.061925
    0.061933
    0.061936
    0.048495
    0.049109
    0.049698
    0.050264
    0.050806
    0.051326
    0.051824
    0.052301
    0.052756
    0.053191
    0.053606
    0.054002
    0.054379
    0.054738
    0.055080
    0.055404
    0.055712
    0.056004
    0.056280
    0.056542
    0.056790
    0.057023
    0.057244
    0.057451
    0.057647
    0.057831
    0.058003
    0.058165
    0.058317
    0.058458
    0.058590
    0.058713
    0.058827
    0.058934
    0.059032
    0.059122
    0.059205
    0.059282
    0.059351
    0.059415
    0.059472
    0.059523
    0.059568
    0.059608
    0.059643
    0.059672
    0.059696
    0.059716
    0.059730
    0.059740
    0.059744
    0.045802
    0.046419
    0.047012
    0.047583
    0.048131
    0.048659
    0.049165
    0.049651
    0.050116
    0.050562
    0.050989
    0.051397
    0.051787
    0.052160
    0.052515
    0.052854
    0.053177
    0.053484
    0.053776
    0.054053
    0.054316
    0.054566
    0.054802
    0.055026
    0.055237
    0.055436
    0.055624
    0.055801
    0.055967
    0.056123
    0.056270
    0.056407
    0.056534
    0.056653
    0.056764
    0.056866
    0.056960
    0.057047
    0.057127
    0.057199
    0.057265
    0.057324
    0.057377
    0.057423
    0.057463
    0.057498
    0.057526
    0.057549
    0.057565
    0.057577
    0.057582
