   -0.568160
   -0.422074
   -0.324411
   -0.256087
   -0.206288
   -0.168707
   -0.139540
   -0.116400
   -0.097731
   -0.082475
   -0.069883
   -0.059410
   -0.050645
   -0.043271
   -0.037040
   -0.031755
   -0.027258
   -0.023419
   -0.020132
   -0.017311
   -0.014884
   -0.012791
   -0.010982
   -0.009415
   -0.008056
   -0.006875
   -0.005846
   -0.004949
   -0.004166
   -0.003481
   -0.002881
   -0.002356
   -0.001895
   -0.001491
   -0.001137
   -0.000826
   -0.000553
   -0.000313
   -0.000104
    0.000079
    0.000238
    0.000376
    0.000495
    0.000597
    0.000683
    0.000754
    0.000812
    0.000858
    0.000891
    0.000913
    0.000924
   -0.618063
   -0.541494
   -0.465454
   -0.396394
   -0.336213
   -0.284833
   -0.241405
   -0.204856
   -0.174135
   -0.148295
   -0.126526
   -0.108148
   -0.092593
   -0.079395
   -0.068167
   -0.058591
   -0.050402
   -0.043384
   -0.037354
   -0.032161
   -0.027681
   -0.023806
   -0.020449
   -0.017535
   -0.015001
   -0.012794
   -0.010869
   -0.009187
   -0.007716
   -0.006428
   -0.005298
   -0.004308
   -0.003438
   -0.002674
   -0.002002
   -0.001412
   -0.000895
   -0.000440
   -0.000042
    0.000305
    0.000608
    0.000871
    0.001098
    0.001292
    0.001456
    0.001592
    0.001703
    0.001790
    0.001854
    0.001896
    0.001917
   -0.766897
   -0.657593
   -0.562884
   -0.481203
   -0.411128
   -0.351264
   -0.300269
   -0.256896
   -0.220025
   -0.188670
   -0.161983
   -0.139235
   -0.119816
   -0.103206
   -0.088972
   -0.076751
   -0.066235
   -0.057170
   -0.049340
   -0.042564
   -0.036689
   -0.031586
   -0.027147
   -0.023279
   -0.019903
   -0.016953
   -0.014371
   -0.012109
   -0.010124
   -0.008382
   -0.006850
   -0.005504
   -0.004319
   -0.003276
   -0.002358
   -0.001550
   -0.000840
   -0.000215
    0.000332
    0.000812
    0.001230
    0.001593
    0.001906
    0.002174
    0.002401
    0.002590
    0.002744
    0.002864
    0.002953
    0.003011
    0.003040
   -0.810294
   -0.682484
   -0.578878
   -0.493477
   -0.422227
   -0.362266
   -0.311492
   -0.268302
   -0.231437
   -0.199881
   -0.172807
   -0.149528
   -0.129474
   -0.112167
   -0.097204
   -0.084245
   -0.073005
   -0.063238
   -0.054740
   -0.047334
   -0.040870
   -0.035221
   -0.030277
   -0.025946
   -0.022146
   -0.018809
   -0.015875
   -0.013293
   -0.011020
   -0.009016
   -0.007248
   -0.005689
   -0.004312
   -0.003097
   -0.002025
   -0.001079
   -0.000245
    0.000489
    0.001134
    0.001700
    0.002194
    0.002624
    0.002996
    0.003314
    0.003584
    0.003809
    0.003992
    0.004135
    0.004241
    0.004311
    0.004345
   -0.645038
   -0.556107
   -0.481084
   -0.417319
   -0.362766
   -0.315844
   -0.275313
   -0.240185
   -0.209661
   -0.183084
   -0.159906
   -0.139665
   -0.121967
   -0.106477
   -0.092906
   -0.081005
   -0.070559
   -0.061382
   -0.053313
   -0.046212
   -0.039958
   -0.034446
   -0.029583
   -0.025290
   -0.021497
   -0.018144
   -0.015179
   -0.012554
   -0.010230
   -0.008171
   -0.006347
   -0.004730
   -0.003297
   -0.002028
   -0.000903
    0.000092
    0.000972
    0.001749
    0.002433
    0.003035
    0.003562
    0.004021
    0.004418
    0.004759
    0.005048
    0.005290
    0.005486
    0.005640
    0.005754
    0.005829
    0.005867
   -0.371592
   -0.342799
   -0.312928
   -0.283578
   -0.255617
   -0.229484
   -0.205363
   -0.183290
   -0.163217
   -0.145045
   -0.128653
   -0.113904
   -0.100663
   -0.088794
   -0.078170
   -0.068670
   -0.060181
   -0.052601
   -0.045836
   -0.039799
   -0.034414
   -0.029610
   -0.025327
   -0.021506
   -0.018099
   -0.015061
   -0.012352
   -0.009936
   -0.007781
   -0.005860
   -0.004148
   -0.002621
   -0.001262
   -0.000051
    0.001026
    0.001983
    0.002832
    0.003585
    0.004251
    0.004837
    0.005352
    0.005802
    0.006192
    0.006528
    0.006813
    0.007051
    0.007245
    0.007397
    0.007510
    0.007584
    0.007621
   -0.122610
   -0.136224
   -0.141515
   -0.141154
   -0.137048
   -0.130547
   -0.122608
   -0.113900
   -0.104887
   -0.095890
   -0.087122
   -0.078723
   -0.070777
   -0.063334
   -0.056411
   -0.050013
   -0.044126
   -0.038731
   -0.033803
   -0.029313
   -0.025231
   -0.021528
   -0.018174
   -0.015139
   -0.012398
   -0.009923
   -0.007692
   -0.005682
   -0.003873
   -0.002246
   -0.000784
    0.000528
    0.001705
    0.002760
    0.003703
    0.004546
    0.005298
    0.005967
    0.006561
    0.007087
    0.007549
    0.007955
    0.008307
    0.008611
    0.008870
    0.009087
    0.009263
    0.009402
    0.009505
    0.009573
    0.009607
    0.051163
    0.018337
   -0.005428
   -0.022143
   -0.033437
   -0.040604
   -0.044662
   -0.046410
   -0.046464
   -0.045301
   -0.043288
   -0.040703
   -0.037758
   -0.034612
   -0.031382
   -0.028156
   -0.024996
   -0.021944
   -0.019031
   -0.016274
   -0.013685
   -0.011267
   -0.009021
   -0.006942
   -0.005026
   -0.003264
   -0.001650
   -0.000174
    0.001173
    0.002399
    0.003513
    0.004523
    0.005438
    0.006264
    0.007009
    0.007679
    0.008281
    0.008820
    0.009300
    0.009727
    0.010105
    0.010437
    0.010727
    0.010978
    0.011192
    0.011371
    0.011518
    0.011633
    0.011719
    0.011775
    0.011803
    0.153046
    0.116260
    0.086607
    0.062980
    0.044378
    0.029917
    0.018837
    0.010497
    0.004356
   -0.000029
   -0.003026
   -0.004934
   -0.005997
   -0.006410
   -0.006333
   -0.005890
   -0.005184
   -0.004292
   -0.003279
   -0.002191
   -0.001068
    0.000064
    0.001181
    0.002269
    0.003315
    0.004313
    0.005257
    0.006144
    0.006973
    0.007744
    0.008458
    0.009116
    0.009722
    0.010276
    0.010781
    0.011241
    0.011658
    0.012035
    0.012373
    0.012676
    0.012945
    0.013183
    0.013392
    0.013574
    0.013729
    0.013859
    0.013966
    0.014051
    0.014113
    0.014155
    0.014175
    0.203051
    0.169600
    0.140973
    0.116706
    0.096309
    0.079299
    0.065219
    0.053649
    0.044209
    0.036567
    0.030432
    0.025550
    0.021708
    0.018722
    0.016437
    0.014724
    0.013473
    0.012594
    0.012012
    0.011665
    0.011502
    0.011482
    0.011569
    0.011736
    0.011961
    0.012227
    0.012518
    0.012824
    0.013135
    0.013445
    0.013749
    0.014043
    0.014324
    0.014590
    0.014840
    0.015073
    0.015288
    0.015487
    0.015668
    0.015832
    0.015980
    0.016113
    0.016230
    0.016332
    0.016420
    0.016495
    0.016556
    0.016605
    0.016641
    0.016665
    0.016677
    0.220460
    0.192794
    0.168091
    0.146241
    0.127071
    0.110372
    0.095919
    0.083480
    0.072828
    0.063750
    0.056048
    0.049540
    0.044062
    0.039470
    0.035636
    0.032446
    0.029804
    0.027624
    0.025835
    0.024373
    0.023184
    0.022224
    0.021454
    0.020841
    0.020357
    0.019979
    0.019688
    0.019468
    0.019304
    0.019186
    0.019104
    0.019051
    0.019020
    0.019005
    0.019004
    0.019012
    0.019027
    0.019046
    0.019068
    0.019091
    0.019114
    0.019137
    0.019158
    0.019178
    0.019196
    0.019212
    0.019225
    0.019236
    0.019244
    0.019249
    0.019252
    0.219232
    0.197467
    0.177381
    0.159022
    0.142384
    0.127415
    0.114032
    0.102135
    0.091609
    0.082338
    0.074202
    0.067086
    0.060881
    0.055485
    0.050802
    0.046747
    0.043243
    0.040218
    0.037612
    0.035368
    0.033439
    0.031781
    0.030358
    0.029136
    0.028089
    0.027189
    0.026418
    0.025756
    0.025188
    0.024700
    0.024280
    0.023919
    0.023608
    0.023340
    0.023109
    0.022910
    0.022737
    0.022588
    0.022459
    0.022347
    0.022251
    0.022168
    0.022097
    0.022037
    0.021986
    0.021944
    0.021910
    0.021884
    0.021864
    0.021851
    0.021844
    0.208296
    0.191652
    0.175869
    0.161054
    0.147268
    0.134538
    0.122862
    0.112215
    0.102555
    0.093830
    0.085979
    0.078941
    0.072648
    0.067037
    0.062044
    0.057611
    0.053680
    0.050199
    0.047120
    0.044399
    0.041995
    0.039874
    0.038001
    0.036348
    0.034889
    0.033601
    0.032464
    0.031459
    0.030571
    0.029785
    0.029090
    0.028474
    0.027929
    0.027446
    0.027017
    0.026638
    0.026301
    0.026003
    0.025740
    0.025508
    0.025304
    0.025125
    0.024970
    0.024836
    0.024722
    0.024627
    0.024549
    0.024487
    0.024442
    0.024411
    0.024396
    0.192973
    0.180458
    0.168311
    0.156647
    0.145550
    0.135078
    0.125264
    0.116124
    0.107657
    0.099852
    0.092686
    0.086131
    0.080155
    0.074722
    0.069793
    0.065333
    0.061303
    0.057667
    0.054392
    0.051443
    0.048792
    0.046409
    0.044269
    0.042347
    0.040621
    0.039072
    0.037681
    0.036433
    0.035312
    0.034305
    0.033402
    0.032590
    0.031861
    0.031207
    0.030621
    0.030095
    0.029624
    0.029202
    0.028827
    0.028493
    0.028197
    0.027936
    0.027708
    0.027511
    0.027342
    0.027199
    0.027083
    0.026991
    0.026923
    0.026877
    0.026855
    0.176268
    0.166956
    0.157732
    0.148696
    0.139932
    0.131502
    0.123455
    0.115823
    0.108627
    0.101876
    0.095571
    0.089707
    0.084271
    0.079248
    0.074619
    0.070364
    0.066460
    0.062886
    0.059617
    0.056632
    0.053910
    0.051430
    0.049172
    0.047118
    0.045250
    0.043552
    0.042010
    0.040609
    0.039338
    0.038184
    0.037137
    0.036187
    0.035327
    0.034549
    0.033844
    0.033208
    0.032634
    0.032117
    0.031654
    0.031239
    0.030870
    0.030543
    0.030256
    0.030007
    0.029793
    0.029612
    0.029464
    0.029346
    0.029259
    0.029201
    0.029172
    0.159786
    0.152913
    0.145973
    0.139051
    0.132219
    0.125536
    0.119050
    0.112800
    0.106813
    0.101111
    0.095706
    0.090604
    0.085806
    0.081311
    0.077112
    0.073199
    0.069562
    0.066189
    0.063067
    0.060181
    0.057517
    0.055062
    0.052803
    0.050724
    0.048814
    0.047061
    0.045453
    0.043979
    0.042628
    0.041392
    0.040261
    0.039228
    0.038285
    0.037425
    0.036642
    0.035930
    0.035285
    0.034701
    0.034174
    0.033701
    0.033278
    0.032902
    0.032571
    0.032282
    0.032033
    0.031823
    0.031650
    0.031513
    0.031411
    0.031344
    0.031310
    0.144322
    0.139284
    0.134103
    0.128847
    0.123573
    0.118334
    0.113173
    0.108127
    0.103225
    0.098491
    0.093944
    0.089595
    0.085454
    0.081525
    0.077811
    0.074308
    0.071016
    0.067927
    0.065037
    0.062337
    0.059820
    0.057477
    0.055298
    0.053276
    0.051401
    0.049665
    0.048058
    0.046574
    0.045204
    0.043940
    0.042776
    0.041706
    0.040722
    0.039820
    0.038994
    0.038239
    0.037551
    0.036926
    0.036359
    0.035848
    0.035390
    0.034982
    0.034621
    0.034305
    0.034033
    0.033802
    0.033612
    0.033461
    0.033349
    0.033274
    0.033237
    0.130209
    0.126546
    0.122709
    0.118749
    0.114714
    0.110645
    0.106579
    0.102550
    0.098585
    0.094708
    0.090938
    0.087289
    0.083775
    0.080403
    0.077180
    0.074109
    0.071192
    0.068428
    0.065816
    0.063353
    0.061036
    0.058859
    0.056818
    0.054907
    0.053122
    0.051455
    0.049902
    0.048456
    0.047112
    0.045865
    0.044709
    0.043639
    0.042651
    0.041739
    0.040900
    0.040130
    0.039425
    0.038782
    0.038197
    0.037667
    0.037191
    0.036765
    0.036387
    0.036056
    0.035770
    0.035528
    0.035327
    0.035168
    0.035050
    0.034971
    0.034932
    0.117532
    0.114898
    0.112083
    0.109126
    0.106064
    0.102931
    0.099758
    0.096572
    0.093398
    0.090257
    0.087168
    0.084146
    0.081204
    0.078352
    0.075598
    0.072949
    0.070409
    0.067980
    0.065664
    0.063461
    0.061371
    0.059392
    0.057522
    0.055758
    0.054098
    0.052537
    0.051072
    0.049700
    0.048417
    0.047219
    0.046102
    0.045063
    0.044098
    0.043204
    0.042377
    0.041615
    0.040915
    0.040273
    0.039687
    0.039155
    0.038675
    0.038245
    0.037863
    0.037527
    0.037236
    0.036989
    0.036785
    0.036623
    0.036501
    0.036421
    0.036381
    0.106245
    0.104381
    0.102342
    0.100158
    0.097859
    0.095469
    0.093015
    0.090520
    0.088003
    0.085484
    0.082980
    0.080504
    0.078069
    0.075686
    0.073364
    0.071109
    0.068928
    0.066825
    0.064804
    0.062866
    0.061012
    0.059245
    0.057562
    0.055964
    0.054450
    0.053017
    0.051664
    0.050389
    0.049190
    0.048065
    0.047010
    0.046023
    0.045103
    0.044247
    0.043451
    0.042715
    0.042036
    0.041412
    0.040840
    0.040320
    0.039848
    0.039425
    0.039048
    0.038716
    0.038428
    0.038183
    0.037981
    0.037819
    0.037699
    0.037619
    0.037579
    0.096243
    0.094955
    0.093506
    0.091918
    0.090212
    0.088411
    0.086533
    0.084598
    0.082622
    0.080622
    0.078612
    0.076604
    0.074611
    0.072641
    0.070705
    0.068809
    0.066959
    0.065162
    0.063421
    0.061739
    0.060120
    0.058564
    0.057074
    0.055649
    0.054290
    0.052997
    0.051769
    0.050605
    0.049505
    0.048467
    0.047489
    0.046571
    0.045710
    0.044906
    0.044156
    0.043460
    0.042815
    0.042220
    0.041674
    0.041175
    0.040723
    0.040315
    0.039951
    0.039630
    0.039352
    0.039114
    0.038917
    0.038761
    0.038643
    0.038565
    0.038526
    0.087394
    0.086539
    0.085538
    0.084408
    0.083166
    0.081829
    0.080411
    0.078929
    0.077395
    0.075824
    0.074227
    0.072616
    0.071001
    0.069391
    0.067793
    0.066216
    0.064666
    0.063148
    0.061666
    0.060225
    0.058828
    0.057477
    0.056174
    0.054921
    0.053719
    0.052569
    0.051471
    0.050425
    0.049431
    0.048489
    0.047598
    0.046757
    0.045966
    0.045223
    0.044529
    0.043881
    0.043280
    0.042723
    0.042211
    0.041742
    0.041315
    0.040930
    0.040586
    0.040282
    0.040017
    0.039791
    0.039604
    0.039454
    0.039342
    0.039268
    0.039231
    0.079565
    0.079035
    0.078376
    0.077599
    0.076718
    0.075746
    0.074695
    0.073577
    0.072403
    0.071185
    0.069932
    0.068654
    0.067360
    0.066058
    0.064755
    0.063458
    0.062173
    0.060904
    0.059658
    0.058437
    0.057246
    0.056087
    0.054962
    0.053875
    0.052825
    0.051816
    0.050847
    0.049920
    0.049035
    0.048192
    0.047391
    0.046632
    0.045916
    0.045241
    0.044608
    0.044015
    0.043463
    0.042951
    0.042478
    0.042044
    0.041648
    0.041291
    0.040970
    0.040686
    0.040439
    0.040228
    0.040052
    0.039912
    0.039807
    0.039737
    0.039702
    0.072629
    0.072345
    0.071945
    0.071441
    0.070842
    0.070158
    0.069398
    0.068573
    0.067691
    0.066762
    0.065793
    0.064793
    0.063770
    0.062730
    0.061680
    0.060625
    0.059572
    0.058525
    0.057488
    0.056466
    0.055462
    0.054480
    0.053521
    0.052588
    0.051683
    0.050808
    0.049964
    0.049153
    0.048374
    0.047630
    0.046920
    0.046245
    0.045605
    0.045000
    0.044431
    0.043896
    0.043397
    0.042932
    0.042502
    0.042106
    0.041745
    0.041417
    0.041123
    0.040863
    0.040635
    0.040441
    0.040279
    0.040150
    0.040053
    0.039989
    0.039956
    0.066471
    0.066371
    0.066170
    0.065876
    0.065497
    0.065039
    0.064512
    0.063922
    0.063276
    0.062583
    0.061849
    0.061080
    0.060284
    0.059466
    0.058631
    0.057785
    0.056933
    0.056080
    0.055228
    0.054383
    0.053547
    0.052724
    0.051915
    0.051125
    0.050354
    0.049605
    0.048879
    0.048178
    0.047502
    0.046853
    0.046232
    0.045639
    0.045074
    0.044539
    0.044034
    0.043558
    0.043112
    0.042697
    0.042311
    0.041955
    0.041629
    0.041334
    0.041068
    0.040832
    0.040626
    0.040449
    0.040302
    0.040185
    0.040097
    0.040038
    0.040009
    0.060988
    0.061027
    0.060978
    0.060847
    0.060638
    0.060360
    0.060017
    0.059615
    0.059161
    0.058660
    0.058119
    0.057542
    0.056935
    0.056303
    0.055652
    0.054984
    0.054305
    0.053619
    0.052930
    0.052240
    0.051553
    0.050872
    0.050200
    0.049539
    0.048890
    0.048257
    0.047640
    0.047041
    0.046462
    0.045903
    0.045367
    0.044852
    0.044361
    0.043894
    0.043451
    0.043033
    0.042640
    0.042273
    0.041932
    0.041616
    0.041327
    0.041063
    0.040826
    0.040615
    0.040431
    0.040273
    0.040141
    0.040036
    0.039957
    0.039904
    0.039878
    0.056091
    0.056235
    0.056302
    0.056295
    0.056221
    0.056083
    0.055887
    0.055636
    0.055337
    0.054993
    0.054609
    0.054191
    0.053742
    0.053267
    0.052769
    0.052253
    0.051723
    0.051181
    0.050632
    0.050078
    0.049523
    0.048968
    0.048417
    0.047871
    0.047333
    0.046804
    0.046287
    0.045783
    0.045293
    0.044818
    0.044360
    0.043920
    0.043498
    0.043095
    0.042713
    0.042350
    0.042009
    0.041689
    0.041390
    0.041114
    0.040860
    0.040629
    0.040420
    0.040234
    0.040071
    0.039932
    0.039815
    0.039722
    0.039652
    0.039605
    0.039582
    0.051703
    0.051925
    0.052080
    0.052170
    0.052200
    0.052173
    0.052093
    0.051964
    0.051789
    0.051573
    0.051319
    0.051031
    0.050713
    0.050369
    0.050001
    0.049613
    0.049209
    0.048792
    0.048364
    0.047928
    0.047486
    0.047042
    0.046598
    0.046155
    0.045716
    0.045281
    0.044854
    0.044436
    0.044027
    0.043630
    0.043244
    0.042873
    0.042515
    0.042173
    0.041846
    0.041536
    0.041243
    0.040968
    0.040711
    0.040472
    0.040253
    0.040052
    0.039871
    0.039709
    0.039567
    0.039446
    0.039344
    0.039262
    0.039201
    0.039160
    0.039140
    0.047757
    0.048038
    0.048259
    0.048424
    0.048535
    0.048596
    0.048608
    0.048575
    0.048501
    0.048389
    0.048241
    0.048060
    0.047851
    0.047615
    0.047356
    0.047077
    0.046780
    0.046468
    0.046144
    0.045810
    0.045468
    0.045120
    0.044769
    0.044417
    0.044065
    0.043715
    0.043368
    0.043027
    0.042691
    0.042364
    0.042045
    0.041736
    0.041438
    0.041151
    0.040876
    0.040615
    0.040368
    0.040134
    0.039916
    0.039713
    0.039525
    0.039354
    0.039199
    0.039060
    0.038938
    0.038834
    0.038746
    0.038676
    0.038623
    0.038588
    0.038570
    0.044197
    0.044521
    0.044793
    0.045014
    0.045188
    0.045317
    0.045402
    0.045447
    0.045454
    0.045425
    0.045364
    0.045272
    0.045152
    0.045007
    0.044839
    0.044650
    0.044444
    0.044222
    0.043986
    0.043739
    0.043483
    0.043219
    0.042950
    0.042677
    0.042402
    0.042126
    0.041850
    0.041578
    0.041308
    0.041043
    0.040784
    0.040532
    0.040287
    0.040051
    0.039825
    0.039608
    0.039402
    0.039208
    0.039025
    0.038855
    0.038698
    0.038553
    0.038422
    0.038306
    0.038203
    0.038114
    0.038040
    0.037980
    0.037936
    0.037906
    0.037891
    0.040974
    0.041329
    0.041638
    0.041903
    0.042125
    0.042307
    0.042451
    0.042557
    0.042629
    0.042668
    0.042677
    0.042657
    0.042611
    0.042541
    0.042449
    0.042337
    0.042206
    0.042060
    0.041900
    0.041728
    0.041545
    0.041353
    0.041155
    0.040950
    0.040742
    0.040531
    0.040319
    0.040107
    0.039896
    0.039687
    0.039481
    0.039280
    0.039084
    0.038893
    0.038710
    0.038534
    0.038366
    0.038207
    0.038057
    0.037917
    0.037788
    0.037668
    0.037560
    0.037463
    0.037378
    0.037304
    0.037242
    0.037193
    0.037155
    0.037130
    0.037118
    0.038046
    0.038423
    0.038760
    0.039057
    0.039317
    0.039540
    0.039728
    0.039883
    0.040007
    0.040101
    0.040167
    0.040206
    0.040221
    0.040213
    0.040183
    0.040135
    0.040069
    0.039987
    0.039891
    0.039782
    0.039662
    0.039532
    0.039394
    0.039249
    0.039099
    0.038945
    0.038788
    0.038629
    0.038469
    0.038309
    0.038151
    0.037995
    0.037842
    0.037693
    0.037549
    0.037409
    0.037276
    0.037149
    0.037029
    0.036916
    0.036811
    0.036715
    0.036627
    0.036548
    0.036479
    0.036419
    0.036368
    0.036328
    0.036298
    0.036277
    0.036267
    0.035378
    0.035770
    0.036126
    0.036447
    0.036735
    0.036990
    0.037214
    0.037407
    0.037572
    0.037710
    0.037821
    0.037909
    0.037973
    0.038016
    0.038039
    0.038043
    0.038031
    0.038003
    0.037960
    0.037905
    0.037838
    0.037761
    0.037676
    0.037582
    0.037482
    0.037377
    0.037268
    0.037155
    0.037040
    0.036924
    0.036808
    0.036692
    0.036577
    0.036464
    0.036354
    0.036248
    0.036145
    0.036046
    0.035953
    0.035865
    0.035783
    0.035707
    0.035638
    0.035576
    0.035521
    0.035473
    0.035433
    0.035401
    0.035377
    0.035360
    0.035352
    0.032939
    0.033341
    0.033710
    0.034049
    0.034357
    0.034636
    0.034887
    0.035110
    0.035308
    0.035480
    0.035629
    0.035755
    0.035860
    0.035944
    0.036010
    0.036058
    0.036090
    0.036107
    0.036110
    0.036100
    0.036078
    0.036046
    0.036005
    0.035955
    0.035899
    0.035836
    0.035768
    0.035695
    0.035620
    0.035542
    0.035462
    0.035381
    0.035300
    0.035219
    0.035139
    0.035061
    0.034986
    0.034913
    0.034843
    0.034777
    0.034716
    0.034658
    0.034606
    0.034558
    0.034516
    0.034480
    0.034449
    0.034424
    0.034406
    0.034393
    0.034387
    0.030704
    0.031111
    0.031489
    0.031839
    0.032162
    0.032459
    0.032730
    0.032976
    0.033199
    0.033399
    0.033577
    0.033735
    0.033872
    0.033991
    0.034092
    0.034176
    0.034244
    0.034298
    0.034339
    0.034367
    0.034383
    0.034389
    0.034386
    0.034373
    0.034354
    0.034327
    0.034294
    0.034257
    0.034215
    0.034169
    0.034121
    0.034071
    0.034019
    0.033966
    0.033914
    0.033861
    0.033809
    0.033759
    0.033710
    0.033664
    0.033620
    0.033579
    0.033541
    0.033507
    0.033477
    0.033450
    0.033428
    0.033410
    0.033396
    0.033387
    0.033382
    0.028650
    0.029058
    0.029441
    0.029798
    0.030131
    0.030441
    0.030727
    0.030991
    0.031233
    0.031455
    0.031656
    0.031838
    0.032002
    0.032148
    0.032277
    0.032391
    0.032490
    0.032575
    0.032646
    0.032706
    0.032754
    0.032792
    0.032820
    0.032840
    0.032851
    0.032855
    0.032853
    0.032845
    0.032832
    0.032815
    0.032794
    0.032770
    0.032744
    0.032716
    0.032686
    0.032656
    0.032625
    0.032594
    0.032564
    0.032535
    0.032507
    0.032480
    0.032455
    0.032433
    0.032412
    0.032395
    0.032379
    0.032367
    0.032358
    0.032352
    0.032349
    0.026757
    0.027164
    0.027548
    0.027910
    0.028250
    0.028568
    0.028865
    0.029141
    0.029398
    0.029636
    0.029855
    0.030057
    0.030241
    0.030409
    0.030561
    0.030699
    0.030822
    0.030932
    0.031030
    0.031116
    0.031190
    0.031255
    0.031310
    0.031355
    0.031393
    0.031424
    0.031447
    0.031464
    0.031476
    0.031483
    0.031486
    0.031485
    0.031480
    0.031473
    0.031464
    0.031452
    0.031440
    0.031426
    0.031412
    0.031398
    0.031383
    0.031369
    0.031356
    0.031344
    0.031332
    0.031322
    0.031314
    0.031307
    0.031301
    0.031297
    0.031296
    0.025010
    0.025414
    0.025797
    0.026160
    0.026502
    0.026826
    0.027130
    0.027415
    0.027683
    0.027933
    0.028165
    0.028382
    0.028582
    0.028768
    0.028938
    0.029095
    0.029238
    0.029369
    0.029487
    0.029595
    0.029691
    0.029777
    0.029854
    0.029922
    0.029982
    0.030034
    0.030080
    0.030118
    0.030151
    0.030179
    0.030201
    0.030219
    0.030234
    0.030245
    0.030252
    0.030258
    0.030261
    0.030262
    0.030262
    0.030260
    0.030258
    0.030255
    0.030251
    0.030248
    0.030244
    0.030241
    0.030238
    0.030235
    0.030233
    0.030232
    0.030231
    0.023393
    0.023792
    0.024172
    0.024534
    0.024877
    0.025203
    0.025511
    0.025803
    0.026077
    0.026336
    0.026579
    0.026806
    0.027019
    0.027218
    0.027403
    0.027574
    0.027733
    0.027880
    0.028016
    0.028141
    0.028255
    0.028359
    0.028454
    0.028541
    0.028619
    0.028689
    0.028753
    0.028809
    0.028860
    0.028904
    0.028944
    0.028979
    0.029009
    0.029035
    0.029058
    0.029077
    0.029093
    0.029107
    0.029119
    0.029128
    0.029136
    0.029143
    0.029148
    0.029152
    0.029155
    0.029158
    0.029159
    0.029161
    0.029162
    0.029162
    0.029162
    0.021894
    0.022286
    0.022662
    0.023021
    0.023363
    0.023689
    0.024000
    0.024294
    0.024573
    0.024837
    0.025087
    0.025323
    0.025545
    0.025753
    0.025949
    0.026132
    0.026304
    0.026464
    0.026613
    0.026752
    0.026880
    0.026999
    0.027109
    0.027210
    0.027304
    0.027389
    0.027467
    0.027539
    0.027604
    0.027663
    0.027717
    0.027765
    0.027809
    0.027848
    0.027883
    0.027914
    0.027942
    0.027967
    0.027989
    0.028008
    0.028024
    0.028039
    0.028051
    0.028062
    0.028071
    0.028078
    0.028084
    0.028089
    0.028092
    0.028094
    0.028095
    0.020502
    0.020887
    0.021257
    0.021612
    0.021951
    0.022275
    0.022585
    0.022881
    0.023162
    0.023430
    0.023684
    0.023925
    0.024153
    0.024369
    0.024573
    0.024765
    0.024946
    0.025116
    0.025276
    0.025425
    0.025565
    0.025696
    0.025818
    0.025931
    0.026036
    0.026134
    0.026225
    0.026309
    0.026386
    0.026457
    0.026522
    0.026582
    0.026637
    0.026687
    0.026732
    0.026774
    0.026811
    0.026845
    0.026875
    0.026902
    0.026926
    0.026947
    0.026966
    0.026982
    0.026996
    0.027007
    0.027017
    0.027024
    0.027030
    0.027034
    0.027035
    0.019207
    0.019585
    0.019947
    0.020296
    0.020632
    0.020953
    0.021261
    0.021556
    0.021838
    0.022107
    0.022363
    0.022607
    0.022840
    0.023060
    0.023270
    0.023468
    0.023656
    0.023834
    0.024001
    0.024159
    0.024308
    0.024448
    0.024579
    0.024702
    0.024817
    0.024925
    0.025025
    0.025119
    0.025206
    0.025287
    0.025361
    0.025431
    0.025495
    0.025554
    0.025608
    0.025657
    0.025703
    0.025744
    0.025781
    0.025815
    0.025845
    0.025872
    0.025896
    0.025917
    0.025935
    0.025950
    0.025962
    0.025972
    0.025980
    0.025984
    0.025987
    0.018002
    0.018370
    0.018725
    0.019068
    0.019398
    0.019715
    0.020020
    0.020312
    0.020593
    0.020861
    0.021118
    0.021364
    0.021599
    0.021822
    0.022035
    0.022238
    0.022431
    0.022613
    0.022787
    0.022951
    0.023106
    0.023253
    0.023391
    0.023522
    0.023645
    0.023760
    0.023868
    0.023970
    0.024065
    0.024153
    0.024236
    0.024313
    0.024384
    0.024451
    0.024512
    0.024568
    0.024620
    0.024667
    0.024711
    0.024750
    0.024785
    0.024817
    0.024845
    0.024870
    0.024891
    0.024909
    0.024924
    0.024936
    0.024945
    0.024951
    0.024954
    0.016877
    0.017236
    0.017584
    0.017919
    0.018242
    0.018554
    0.018855
    0.019144
    0.019422
    0.019689
    0.019945
    0.020191
    0.020426
    0.020650
    0.020865
    0.021070
    0.021266
    0.021452
    0.021630
    0.021798
    0.021958
    0.022110
    0.022254
    0.022390
    0.022519
    0.022640
    0.022754
    0.022862
    0.022963
    0.023058
    0.023146
    0.023229
    0.023307
    0.023379
    0.023446
    0.023508
    0.023565
    0.023617
    0.023665
    0.023709
    0.023748
    0.023784
    0.023816
    0.023843
    0.023867
    0.023888
    0.023905
    0.023919
    0.023929
    0.023935
    0.023939
    0.015828
    0.016177
    0.016516
    0.016843
    0.017160
    0.017466
    0.017761
    0.018046
    0.018320
    0.018584
    0.018838
    0.019082
    0.019316
    0.019541
    0.019756
    0.019963
    0.020160
    0.020348
    0.020528
    0.020699
    0.020862
    0.021017
    0.021165
    0.021305
    0.021438
    0.021563
    0.021682
    0.021794
    0.021900
    0.022000
    0.022093
    0.022181
    0.022263
    0.022340
    0.022411
    0.022477
    0.022538
    0.022595
    0.022647
    0.022694
    0.022737
    0.022775
    0.022810
    0.022840
    0.022867
    0.022889
    0.022908
    0.022923
    0.022934
    0.022941
    0.022945
    0.014847
    0.015187
    0.015516
    0.015835
    0.016144
    0.016443
    0.016733
    0.017012
    0.017282
    0.017542
    0.017793
    0.018035
    0.018267
    0.018491
    0.018705
    0.018911
    0.019108
    0.019297
    0.019478
    0.019651
    0.019816
    0.019973
    0.020123
    0.020266
    0.020401
    0.020530
    0.020652
    0.020767
    0.020876
    0.020979
    0.021077
    0.021168
    0.021253
    0.021333
    0.021408
    0.021478
    0.021542
    0.021602
    0.021656
    0.021707
    0.021752
    0.021793
    0.021830
    0.021862
    0.021890
    0.021914
    0.021934
    0.021950
    0.021962
    0.021970
    0.021974
    0.013930
    0.014259
    0.014579
    0.014890
    0.015191
    0.015483
    0.015766
    0.016039
    0.016304
    0.016560
    0.016807
    0.017045
    0.017274
    0.017495
    0.017708
    0.017913
    0.018109
    0.018297
    0.018478
    0.018651
    0.018817
    0.018975
    0.019126
    0.019270
    0.019408
    0.019538
    0.019662
    0.019780
    0.019891
    0.019997
    0.020096
    0.020190
    0.020278
    0.020361
    0.020438
    0.020510
    0.020577
    0.020639
    0.020696
    0.020748
    0.020795
    0.020838
    0.020877
    0.020911
    0.020940
    0.020965
    0.020986
    0.021003
    0.021015
    0.021024
    0.021028
    0.013072
    0.013391
    0.013701
    0.014003
    0.014296
    0.014580
    0.014856
    0.015123
    0.015382
    0.015633
    0.015875
    0.016109
    0.016335
    0.016553
    0.016763
    0.016965
    0.017160
    0.017347
    0.017526
    0.017699
    0.017864
    0.018022
    0.018173
    0.018318
    0.018456
    0.018587
    0.018712
    0.018831
    0.018944
    0.019051
    0.019152
    0.019247
    0.019337
    0.019421
    0.019500
    0.019574
    0.019643
    0.019706
    0.019765
    0.019819
    0.019867
    0.019912
    0.019951
    0.019986
    0.020017
    0.020043
    0.020065
    0.020082
    0.020095
    0.020104
    0.020108
    0.012268
    0.012577
    0.012877
    0.013170
    0.013454
    0.013731
    0.013999
    0.014260
    0.014512
    0.014757
    0.014994
    0.015223
    0.015445
    0.015659
    0.015866
    0.016065
    0.016257
    0.016442
    0.016620
    0.016791
    0.016955
    0.017112
    0.017263
    0.017407
    0.017545
    0.017676
    0.017802
    0.017921
    0.018034
    0.018142
    0.018244
    0.018340
    0.018431
    0.018516
    0.018596
    0.018671
    0.018740
    0.018805
    0.018864
    0.018919
    0.018969
    0.019014
    0.019055
    0.019091
    0.019122
    0.019149
    0.019171
    0.019188
    0.019202
    0.019211
    0.019215
    0.011514
    0.011813
    0.012104
    0.012387
    0.012663
    0.012931
    0.013192
    0.013445
    0.013691
    0.013930
    0.014161
    0.014385
    0.014602
    0.014812
    0.015015
    0.015211
    0.015400
    0.015582
    0.015757
    0.015926
    0.016088
    0.016244
    0.016393
    0.016536
    0.016673
    0.016804
    0.016929
    0.017048
    0.017161
    0.017269
    0.017370
    0.017467
    0.017558
    0.017644
    0.017724
    0.017799
    0.017869
    0.017935
    0.017995
    0.018050
    0.018100
    0.018146
    0.018187
    0.018223
    0.018255
    0.018282
    0.018305
    0.018323
    0.018336
    0.018345
    0.018350
    0.010808
    0.011096
    0.011377
    0.011651
    0.011918
    0.012178
    0.012431
    0.012678
    0.012917
    0.013149
    0.013374
    0.013593
    0.013804
    0.014009
    0.014208
    0.014400
    0.014585
    0.014763
    0.014936
    0.015102
    0.015261
    0.015415
    0.015562
    0.015704
    0.015839
    0.015969
    0.016093
    0.016211
    0.016323
    0.016430
    0.016532
    0.016628
    0.016719
    0.016804
    0.016885
    0.016960
    0.017030
    0.017095
    0.017156
    0.017211
    0.017262
    0.017308
    0.017349
    0.017385
    0.017417
    0.017445
    0.017467
    0.017485
    0.017499
    0.017508
    0.017513
