    1.138940
    0.911676
    0.742846
    0.613082
    0.510647
    0.428132
    0.360649
    0.304833
    0.258273
    0.219181
    0.186191
    0.158238
    0.134474
    0.114216
    0.096908
    0.082092
    0.069391
    0.058488
    0.049120
    0.041068
    0.034143
    0.028190
    0.023074
    0.018681
    0.014915
    0.011693
    0.008943
    0.006605
    0.004626
    0.002960
    0.001568
    0.000416
   -0.000526
   -0.001284
   -0.001880
   -0.002335
   -0.002665
   -0.002885
   -0.003011
   -0.003052
   -0.003020
   -0.002924
   -0.002774
   -0.002575
   -0.002336
   -0.002063
   -0.001761
   -0.001436
   -0.001092
   -0.000735
   -0.000370
    0.566420
    0.546458
    0.498690
    0.442273
    0.386150
    0.334180
    0.287730
    0.246984
    0.211602
    0.181040
    0.154712
    0.132055
    0.112560
    0.095781
    0.081331
    0.068881
    0.058147
    0.048889
    0.040904
    0.034015
    0.028075
    0.022957
    0.018551
    0.014765
    0.011517
    0.008739
    0.006372
    0.004363
    0.002668
    0.001248
    0.000069
   -0.000897
   -0.001678
   -0.002294
   -0.002767
   -0.003113
   -0.003347
   -0.003484
   -0.003534
   -0.003509
   -0.003418
   -0.003270
   -0.003071
   -0.002829
   -0.002551
   -0.002241
   -0.001906
   -0.001549
   -0.001176
   -0.000791
   -0.000397
    0.414565
    0.355032
    0.308592
    0.269620
    0.235697
    0.205731
    0.179159
    0.155613
    0.134797
    0.116441
    0.100291
    0.086109
    0.073674
    0.062786
    0.053261
    0.044940
    0.037676
    0.031343
    0.025829
    0.021034
    0.016874
    0.013271
    0.010159
    0.007480
    0.005182
    0.003222
    0.001559
    0.000158
   -0.001010
   -0.001973
   -0.002754
   -0.003374
   -0.003852
   -0.004205
   -0.004445
   -0.004587
   -0.004642
   -0.004619
   -0.004529
   -0.004379
   -0.004176
   -0.003927
   -0.003638
   -0.003314
   -0.002961
   -0.002582
   -0.002183
   -0.001766
   -0.001336
   -0.000896
   -0.000449
    0.099132
    0.081773
    0.071817
    0.065419
    0.060510
    0.056071
    0.051670
    0.047181
    0.042619
    0.038055
    0.033571
    0.029241
    0.025125
    0.021262
    0.017677
    0.014385
    0.011388
    0.008680
    0.006253
    0.004094
    0.002186
    0.000514
   -0.000939
   -0.002191
   -0.003257
   -0.004154
   -0.004896
   -0.005498
   -0.005971
   -0.006329
   -0.006582
   -0.006741
   -0.006815
   -0.006812
   -0.006740
   -0.006607
   -0.006418
   -0.006180
   -0.005898
   -0.005577
   -0.005221
   -0.004834
   -0.004421
   -0.003985
   -0.003528
   -0.003055
   -0.002567
   -0.002067
   -0.001558
   -0.001042
   -0.000522
   -0.303853
   -0.237750
   -0.187199
   -0.148081
   -0.117617
   -0.093833
   -0.075264
   -0.060792
   -0.049545
   -0.040834
   -0.034115
   -0.028955
   -0.025010
   -0.022007
   -0.019730
   -0.018011
   -0.016714
   -0.015736
   -0.014993
   -0.014422
   -0.013973
   -0.013608
   -0.013298
   -0.013020
   -0.012757
   -0.012497
   -0.012231
   -0.011952
   -0.011656
   -0.011339
   -0.011001
   -0.010640
   -0.010256
   -0.009849
   -0.009421
   -0.008972
   -0.008503
   -0.008016
   -0.007511
   -0.006991
   -0.006457
   -0.005909
   -0.005350
   -0.004781
   -0.004203
   -0.003616
   -0.003024
   -0.002425
   -0.001823
   -0.001217
   -0.000609
   -0.569459
   -0.460080
   -0.374757
   -0.307494
   -0.253998
   -0.211137
   -0.176593
   -0.148612
   -0.125854
   -0.107276
   -0.092060
   -0.079559
   -0.069254
   -0.060732
   -0.053658
   -0.047764
   -0.042829
   -0.038678
   -0.035165
   -0.032174
   -0.029608
   -0.027390
   -0.025455
   -0.023752
   -0.022238
   -0.020879
   -0.019645
   -0.018514
   -0.017466
   -0.016486
   -0.015561
   -0.014681
   -0.013837
   -0.013023
   -0.012232
   -0.011460
   -0.010703
   -0.009958
   -0.009223
   -0.008495
   -0.007774
   -0.007057
   -0.006344
   -0.005634
   -0.004926
   -0.004220
   -0.003515
   -0.002811
   -0.002107
   -0.001404
   -0.000702
   -0.631658
   -0.532064
   -0.449434
   -0.380869
   -0.323899
   -0.276471
   -0.236896
   -0.203794
   -0.176037
   -0.152705
   -0.133043
   -0.116430
   -0.102357
   -0.090403
   -0.080218
   -0.071514
   -0.064051
   -0.057628
   -0.052079
   -0.047266
   -0.043071
   -0.039398
   -0.036165
   -0.033303
   -0.030756
   -0.028474
   -0.026419
   -0.024554
   -0.022852
   -0.021289
   -0.019843
   -0.018497
   -0.017236
   -0.016049
   -0.014924
   -0.013852
   -0.012826
   -0.011840
   -0.010886
   -0.009961
   -0.009061
   -0.008181
   -0.007319
   -0.006473
   -0.005638
   -0.004815
   -0.004000
   -0.003192
   -0.002389
   -0.001590
   -0.000794
   -0.567540
   -0.498030
   -0.436206
   -0.381771
   -0.334166
   -0.292721
   -0.256744
   -0.225565
   -0.198568
   -0.175199
   -0.154963
   -0.137428
   -0.122220
   -0.109012
   -0.097523
   -0.087511
   -0.078768
   -0.071115
   -0.064400
   -0.058491
   -0.053275
   -0.048656
   -0.044551
   -0.040889
   -0.037610
   -0.034661
   -0.031996
   -0.029579
   -0.027375
   -0.025356
   -0.023497
   -0.021778
   -0.020179
   -0.018685
   -0.017283
   -0.015960
   -0.014706
   -0.013512
   -0.012371
   -0.011275
   -0.010218
   -0.009195
   -0.008201
   -0.007233
   -0.006285
   -0.005356
   -0.004442
   -0.003539
   -0.002646
   -0.001760
   -0.000879
   -0.456719
   -0.415965
   -0.376796
   -0.339981
   -0.305932
   -0.274805
   -0.246597
   -0.221197
   -0.198434
   -0.178105
   -0.159996
   -0.143891
   -0.129583
   -0.116878
   -0.105597
   -0.095576
   -0.086669
   -0.078744
   -0.071683
   -0.065382
   -0.059748
   -0.054700
   -0.050167
   -0.046086
   -0.042401
   -0.039064
   -0.036032
   -0.033269
   -0.030742
   -0.028421
   -0.026282
   -0.024303
   -0.022465
   -0.020751
   -0.019146
   -0.017636
   -0.016210
   -0.014859
   -0.013572
   -0.012342
   -0.011162
   -0.010025
   -0.008926
   -0.007859
   -0.006820
   -0.005804
   -0.004808
   -0.003828
   -0.002860
   -0.001901
   -0.000949
   -0.344002
   -0.323999
   -0.302663
   -0.280916
   -0.259425
   -0.238652
   -0.218898
   -0.200345
   -0.183084
   -0.167142
   -0.152503
   -0.139120
   -0.126926
   -0.115844
   -0.105790
   -0.096682
   -0.088436
   -0.080973
   -0.074217
   -0.068100
   -0.062557
   -0.057528
   -0.052961
   -0.048805
   -0.045017
   -0.041558
   -0.038392
   -0.035487
   -0.032814
   -0.030349
   -0.028067
   -0.025950
   -0.023978
   -0.022137
   -0.020410
   -0.018786
   -0.017253
   -0.015800
   -0.014418
   -0.013099
   -0.011836
   -0.010621
   -0.009448
   -0.008312
   -0.007208
   -0.006131
   -0.005076
   -0.004039
   -0.003017
   -0.002005
   -0.001000
   -0.247337
   -0.240373
   -0.231095
   -0.220247
   -0.208433
   -0.196128
   -0.183698
   -0.171418
   -0.159485
   -0.148037
   -0.137164
   -0.126917
   -0.117320
   -0.108378
   -0.100078
   -0.092398
   -0.085309
   -0.078776
   -0.072763
   -0.067233
   -0.062150
   -0.057476
   -0.053178
   -0.049223
   -0.045581
   -0.042222
   -0.039120
   -0.036251
   -0.033593
   -0.031124
   -0.028827
   -0.026684
   -0.024681
   -0.022802
   -0.021035
   -0.019368
   -0.017792
   -0.016295
   -0.014871
   -0.013510
   -0.012206
   -0.010951
   -0.009741
   -0.008568
   -0.007429
   -0.006317
   -0.005229
   -0.004161
   -0.003107
   -0.002065
   -0.001030
   -0.170716
   -0.171207
   -0.169337
   -0.165621
   -0.160508
   -0.154382
   -0.147565
   -0.140319
   -0.132857
   -0.125344
   -0.117908
   -0.110646
   -0.103626
   -0.096898
   -0.090492
   -0.084425
   -0.078703
   -0.073327
   -0.068289
   -0.063578
   -0.059179
   -0.055076
   -0.051253
   -0.047690
   -0.044371
   -0.041278
   -0.038393
   -0.035700
   -0.033183
   -0.030829
   -0.028622
   -0.026551
   -0.024603
   -0.022766
   -0.021031
   -0.019388
   -0.017828
   -0.016343
   -0.014925
   -0.013568
   -0.012264
   -0.011008
   -0.009795
   -0.008618
   -0.007474
   -0.006356
   -0.005262
   -0.004187
   -0.003127
   -0.002078
   -0.001037
   -0.112421
   -0.116795
   -0.119121
   -0.119725
   -0.118912
   -0.116959
   -0.114109
   -0.110576
   -0.106544
   -0.102165
   -0.097568
   -0.092856
   -0.088114
   -0.083407
   -0.078785
   -0.074288
   -0.069941
   -0.065766
   -0.061773
   -0.057969
   -0.054356
   -0.050932
   -0.047694
   -0.044636
   -0.041751
   -0.039030
   -0.036464
   -0.034045
   -0.031763
   -0.029609
   -0.027574
   -0.025649
   -0.023826
   -0.022096
   -0.020453
   -0.018889
   -0.017397
   -0.015970
   -0.014603
   -0.013289
   -0.012024
   -0.010801
   -0.009618
   -0.008467
   -0.007347
   -0.006251
   -0.005177
   -0.004121
   -0.003078
   -0.002046
   -0.001021
   -0.069057
   -0.075185
   -0.079663
   -0.082686
   -0.084448
   -0.085135
   -0.084919
   -0.083957
   -0.082393
   -0.080352
   -0.077942
   -0.075259
   -0.072382
   -0.069379
   -0.066304
   -0.063204
   -0.060114
   -0.057064
   -0.054076
   -0.051166
   -0.048347
   -0.045628
   -0.043013
   -0.040504
   -0.038104
   -0.035810
   -0.033621
   -0.031533
   -0.029542
   -0.027645
   -0.025835
   -0.024110
   -0.022462
   -0.020888
   -0.019382
   -0.017940
   -0.016556
   -0.015226
   -0.013945
   -0.012709
   -0.011514
   -0.010355
   -0.009229
   -0.008133
   -0.007062
   -0.006013
   -0.004982
   -0.003967
   -0.002964
   -0.001971
   -0.000983
   -0.037214
   -0.043896
   -0.049296
   -0.053527
   -0.056707
   -0.058954
   -0.060384
   -0.061107
   -0.061227
   -0.060838
   -0.060028
   -0.058873
   -0.057442
   -0.055795
   -0.053983
   -0.052052
   -0.050039
   -0.047975
   -0.045887
   -0.043796
   -0.041719
   -0.039671
   -0.037662
   -0.035699
   -0.033790
   -0.031937
   -0.030144
   -0.028411
   -0.026740
   -0.025128
   -0.023576
   -0.022081
   -0.020641
   -0.019253
   -0.017915
   -0.016625
   -0.015378
   -0.014173
   -0.013006
   -0.011874
   -0.010774
   -0.009703
   -0.008659
   -0.007639
   -0.006639
   -0.005657
   -0.004691
   -0.003737
   -0.002794
   -0.001858
   -0.000927
   -0.014025
   -0.020617
   -0.026234
   -0.030938
   -0.034795
   -0.037880
   -0.040266
   -0.042027
   -0.043236
   -0.043961
   -0.044266
   -0.044212
   -0.043852
   -0.043238
   -0.042412
   -0.041414
   -0.040279
   -0.039038
   -0.037715
   -0.036334
   -0.034914
   -0.033470
   -0.032017
   -0.030563
   -0.029120
   -0.027693
   -0.026288
   -0.024910
   -0.023561
   -0.022243
   -0.020959
   -0.019708
   -0.018490
   -0.017306
   -0.016154
   -0.015034
   -0.013943
   -0.012881
   -0.011847
   -0.010837
   -0.009851
   -0.008887
   -0.007942
   -0.007015
   -0.006103
   -0.005206
   -0.004320
   -0.003444
   -0.002575
   -0.001713
   -0.000855
    0.002751
   -0.003434
   -0.008885
   -0.013633
   -0.017714
   -0.021172
   -0.024052
   -0.026402
   -0.028270
   -0.029705
   -0.030753
   -0.031457
   -0.031859
   -0.031999
   -0.031913
   -0.031632
   -0.031187
   -0.030605
   -0.029909
   -0.029120
   -0.028256
   -0.027334
   -0.026367
   -0.025368
   -0.024346
   -0.023310
   -0.022267
   -0.021224
   -0.020184
   -0.019153
   -0.018132
   -0.017125
   -0.016132
   -0.015156
   -0.014197
   -0.013254
   -0.012329
   -0.011421
   -0.010530
   -0.009654
   -0.008794
   -0.007947
   -0.007114
   -0.006292
   -0.005482
   -0.004680
   -0.003887
   -0.003101
   -0.002321
   -0.001544
   -0.000770
    0.014805
    0.009160
    0.004066
   -0.000492
   -0.004530
   -0.008074
   -0.011149
   -0.013786
   -0.016016
   -0.017871
   -0.019384
   -0.020585
   -0.021507
   -0.022178
   -0.022626
   -0.022877
   -0.022956
   -0.022884
   -0.022683
   -0.022370
   -0.021963
   -0.021475
   -0.020921
   -0.020312
   -0.019658
   -0.018969
   -0.018251
   -0.017513
   -0.016759
   -0.015994
   -0.015223
   -0.014448
   -0.013673
   -0.012901
   -0.012131
   -0.011367
   -0.010609
   -0.009858
   -0.009114
   -0.008377
   -0.007648
   -0.006926
   -0.006211
   -0.005503
   -0.004801
   -0.004104
   -0.003412
   -0.002724
   -0.002040
   -0.001358
   -0.000677
    0.023388
    0.018317
    0.013658
    0.009408
    0.005559
    0.002100
   -0.000985
   -0.003713
   -0.006104
   -0.008178
   -0.009957
   -0.011465
   -0.012721
   -0.013748
   -0.014568
   -0.015200
   -0.015663
   -0.015975
   -0.016153
   -0.016213
   -0.016169
   -0.016033
   -0.015819
   -0.015536
   -0.015194
   -0.014802
   -0.014368
   -0.013898
   -0.013399
   -0.012876
   -0.012333
   -0.011774
   -0.011203
   -0.010622
   -0.010035
   -0.009442
   -0.008847
   -0.008249
   -0.007651
   -0.007054
   -0.006457
   -0.005861
   -0.005268
   -0.004676
   -0.004086
   -0.003498
   -0.002911
   -0.002327
   -0.001743
   -0.001161
   -0.000579
    0.029417
    0.024902
    0.020696
    0.016800
    0.013214
    0.009932
    0.006948
    0.004251
    0.001831
   -0.000326
   -0.002235
   -0.003909
   -0.005365
   -0.006618
   -0.007684
   -0.008577
   -0.009312
   -0.009903
   -0.010363
   -0.010706
   -0.010943
   -0.011086
   -0.011143
   -0.011126
   -0.011042
   -0.010900
   -0.010707
   -0.010468
   -0.010191
   -0.009880
   -0.009541
   -0.009176
   -0.008790
   -0.008387
   -0.007968
   -0.007537
   -0.007095
   -0.006645
   -0.006187
   -0.005724
   -0.005257
   -0.004786
   -0.004312
   -0.003836
   -0.003359
   -0.002880
   -0.002401
   -0.001921
   -0.001440
   -0.000959
   -0.000479
    0.033564
    0.029563
    0.025793
    0.022259
    0.018963
    0.015905
    0.013083
    0.010490
    0.008122
    0.005971
    0.004027
    0.002281
    0.000722
   -0.000661
   -0.001878
   -0.002940
   -0.003859
   -0.004645
   -0.005309
   -0.005861
   -0.006310
   -0.006666
   -0.006937
   -0.007131
   -0.007256
   -0.007318
   -0.007325
   -0.007281
   -0.007194
   -0.007066
   -0.006904
   -0.006710
   -0.006490
   -0.006245
   -0.005980
   -0.005696
   -0.005397
   -0.005083
   -0.004758
   -0.004423
   -0.004079
   -0.003728
   -0.003370
   -0.003007
   -0.002639
   -0.002268
   -0.001894
   -0.001517
   -0.001139
   -0.000759
   -0.000378
    0.036322
    0.032783
    0.029417
    0.026230
    0.023227
    0.020409
    0.017777
    0.015328
    0.013061
    0.010971
    0.009053
    0.007300
    0.005705
    0.004263
    0.002963
    0.001800
    0.000764
   -0.000152
   -0.000957
   -0.001657
   -0.002262
   -0.002777
   -0.003211
   -0.003569
   -0.003859
   -0.004085
   -0.004255
   -0.004372
   -0.004443
   -0.004471
   -0.004460
   -0.004415
   -0.004338
   -0.004234
   -0.004106
   -0.003955
   -0.003784
   -0.003596
   -0.003393
   -0.003176
   -0.002948
   -0.002709
   -0.002460
   -0.002205
   -0.001942
   -0.001674
   -0.001401
   -0.001125
   -0.000846
   -0.000564
   -0.000281
    0.038052
    0.034920
    0.031919
    0.029055
    0.026331
    0.023753
    0.021321
    0.019035
    0.016895
    0.014899
    0.013045
    0.011327
    0.009744
    0.008288
    0.006956
    0.005742
    0.004640
    0.003644
    0.002748
    0.001946
    0.001232
    0.000601
    0.000046
   -0.000437
   -0.000854
   -0.001210
   -0.001510
   -0.001758
   -0.001958
   -0.002115
   -0.002232
   -0.002313
   -0.002361
   -0.002379
   -0.002370
   -0.002336
   -0.002281
   -0.002205
   -0.002112
   -0.002004
   -0.001881
   -0.001746
   -0.001600
   -0.001444
   -0.001280
   -0.001109
   -0.000933
   -0.000751
   -0.000566
   -0.000378
   -0.000188
    0.039018
    0.036244
    0.033568
    0.030996
    0.028533
    0.026183
    0.023948
    0.021830
    0.019829
    0.017945
    0.016177
    0.014522
    0.012979
    0.011544
    0.010214
    0.008985
    0.007853
    0.006814
    0.005864
    0.004997
    0.004210
    0.003498
    0.002857
    0.002282
    0.001769
    0.001314
    0.000912
    0.000561
    0.000255
   -0.000007
   -0.000230
   -0.000416
   -0.000569
   -0.000692
   -0.000786
   -0.000855
   -0.000900
   -0.000925
   -0.000930
   -0.000919
   -0.000892
   -0.000851
   -0.000798
   -0.000735
   -0.000662
   -0.000581
   -0.000494
   -0.000401
   -0.000304
   -0.000203
   -0.000101
    0.039418
    0.036955
    0.034566
    0.032257
    0.030031
    0.027894
    0.025847
    0.023893
    0.022034
    0.020269
    0.018598
    0.017021
    0.015537
    0.014144
    0.012839
    0.011621
    0.010486
    0.009432
    0.008455
    0.007552
    0.006720
    0.005956
    0.005255
    0.004614
    0.004031
    0.003501
    0.003022
    0.002589
    0.002201
    0.001854
    0.001545
    0.001271
    0.001031
    0.000821
    0.000638
    0.000482
    0.000348
    0.000237
    0.000145
    0.000070
    0.000012
   -0.000032
   -0.000063
   -0.000083
   -0.000093
   -0.000095
   -0.000089
   -0.000078
   -0.000062
   -0.000042
   -0.000020
    0.039398
    0.037205
    0.035068
    0.032992
    0.030980
    0.029037
    0.027166
    0.025369
    0.023647
    0.022002
    0.020434
    0.018943
    0.017528
    0.016190
    0.014926
    0.013735
    0.012616
    0.011566
    0.010584
    0.009666
    0.008810
    0.008014
    0.007275
    0.006591
    0.005958
    0.005374
    0.004837
    0.004343
    0.003890
    0.003476
    0.003098
    0.002754
    0.002441
    0.002158
    0.001902
    0.001671
    0.001463
    0.001276
    0.001109
    0.000959
    0.000826
    0.000707
    0.000601
    0.000507
    0.000422
    0.000346
    0.000278
    0.000216
    0.000158
    0.000105
    0.000053
    0.039066
    0.037107
    0.035191
    0.033321
    0.031501
    0.029734
    0.028024
    0.026373
    0.024782
    0.023253
    0.021787
    0.020385
    0.019045
    0.017769
    0.016556
    0.015404
    0.014313
    0.013281
    0.012308
    0.011390
    0.010527
    0.009716
    0.008956
    0.008244
    0.007579
    0.006958
    0.006379
    0.005839
    0.005338
    0.004872
    0.004440
    0.004040
    0.003669
    0.003326
    0.003009
    0.002716
    0.002445
    0.002194
    0.001963
    0.001748
    0.001550
    0.001365
    0.001194
    0.001033
    0.000883
    0.000742
    0.000607
    0.000479
    0.000356
    0.000236
    0.000119
    0.038503
    0.036748
    0.035024
    0.033336
    0.031687
    0.030079
    0.028516
    0.026999
    0.025531
    0.024113
    0.022746
    0.021431
    0.020168
    0.018958
    0.017800
    0.016694
    0.015639
    0.014635
    0.013680
    0.012775
    0.011916
    0.011103
    0.010334
    0.009609
    0.008924
    0.008279
    0.007671
    0.007100
    0.006563
    0.006059
    0.005585
    0.005141
    0.004724
    0.004333
    0.003966
    0.003622
    0.003298
    0.002994
    0.002708
    0.002439
    0.002185
    0.001944
    0.001715
    0.001498
    0.001290
    0.001091
    0.000899
    0.000713
    0.000531
    0.000353
    0.000178
    0.037770
    0.036192
    0.034638
    0.033110
    0.031612
    0.030146
    0.028716
    0.027322
    0.025968
    0.024654
    0.023381
    0.022150
    0.020963
    0.019819
    0.018719
    0.017662
    0.016649
    0.015679
    0.014751
    0.013864
    0.013019
    0.012213
    0.011446
    0.010716
    0.010023
    0.009364
    0.008739
    0.008147
    0.007585
    0.007053
    0.006548
    0.006071
    0.005618
    0.005189
    0.004782
    0.004397
    0.004031
    0.003683
    0.003351
    0.003036
    0.002734
    0.002445
    0.002168
    0.001902
    0.001645
    0.001395
    0.001153
    0.000916
    0.000684
    0.000455
    0.000229
    0.036914
    0.035490
    0.034084
    0.032698
    0.031334
    0.029996
    0.028685
    0.027404
    0.026153
    0.024935
    0.023751
    0.022601
    0.021487
    0.020408
    0.019366
    0.018361
    0.017391
    0.016458
    0.015561
    0.014700
    0.013874
    0.013081
    0.012323
    0.011597
    0.010903
    0.010239
    0.009606
    0.009000
    0.008423
    0.007872
    0.007345
    0.006843
    0.006364
    0.005906
    0.005468
    0.005050
    0.004649
    0.004266
    0.003897
    0.003544
    0.003203
    0.002874
    0.002556
    0.002248
    0.001949
    0.001657
    0.001372
    0.001092
    0.000816
    0.000543
    0.000273
    0.035970
    0.034681
    0.033404
    0.032143
    0.030899
    0.029675
    0.028471
    0.027291
    0.026136
    0.025007
    0.023905
    0.022831
    0.021786
    0.020771
    0.019786
    0.018831
    0.017907
    0.017014
    0.016150
    0.015317
    0.014514
    0.013741
    0.012996
    0.012280
    0.011591
    0.010929
    0.010293
    0.009683
    0.009096
    0.008534
    0.007993
    0.007474
    0.006975
    0.006496
    0.006035
    0.005591
    0.005164
    0.004752
    0.004354
    0.003969
    0.003597
    0.003235
    0.002883
    0.002541
    0.002206
    0.001879
    0.001557
    0.001240
    0.000928
    0.000618
    0.000310
    0.034964
    0.033794
    0.032632
    0.031481
    0.030343
    0.029220
    0.028114
    0.027025
    0.025957
    0.024909
    0.023883
    0.022880
    0.021901
    0.020946
    0.020016
    0.019112
    0.018232
    0.017379
    0.016551
    0.015748
    0.014972
    0.014220
    0.013493
    0.012790
    0.012112
    0.011457
    0.010824
    0.010214
    0.009624
    0.009056
    0.008507
    0.007977
    0.007466
    0.006971
    0.006493
    0.006031
    0.005583
    0.005150
    0.004728
    0.004319
    0.003921
    0.003533
    0.003154
    0.002783
    0.002420
    0.002063
    0.001711
    0.001364
    0.001021
    0.000680
    0.000341
    0.033918
    0.032851
    0.031790
    0.030737
    0.029694
    0.028662
    0.027643
    0.026637
    0.025648
    0.024675
    0.023719
    0.022782
    0.021864
    0.020967
    0.020089
    0.019233
    0.018398
    0.017584
    0.016792
    0.016021
    0.015272
    0.014544
    0.013838
    0.013152
    0.012487
    0.011842
    0.011217
    0.010611
    0.010024
    0.009454
    0.008902
    0.008367
    0.007848
    0.007344
    0.006855
    0.006380
    0.005917
    0.005467
    0.005029
    0.004601
    0.004183
    0.003774
    0.003373
    0.002980
    0.002594
    0.002213
    0.001837
    0.001465
    0.001097
    0.000731
    0.000367
    0.032846
    0.031871
    0.030900
    0.029934
    0.028975
    0.028024
    0.027083
    0.026153
    0.025235
    0.024331
    0.023440
    0.022564
    0.021703
    0.020859
    0.020032
    0.019222
    0.018429
    0.017654
    0.016898
    0.016159
    0.015439
    0.014736
    0.014052
    0.013386
    0.012737
    0.012105
    0.011491
    0.010893
    0.010311
    0.009745
    0.009194
    0.008657
    0.008135
    0.007626
    0.007130
    0.006647
    0.006174
    0.005713
    0.005262
    0.004821
    0.004388
    0.003963
    0.003546
    0.003136
    0.002731
    0.002332
    0.001937
    0.001546
    0.001158
    0.000772
    0.000387
    0.031761
    0.030868
    0.029976
    0.029088
    0.028204
    0.027327
    0.026457
    0.025595
    0.024742
    0.023899
    0.023068
    0.022248
    0.021441
    0.020648
    0.019867
    0.019101
    0.018349
    0.017613
    0.016891
    0.016184
    0.015492
    0.014816
    0.014155
    0.013509
    0.012878
    0.012262
    0.011661
    0.011073
    0.010500
    0.009940
    0.009393
    0.008860
    0.008338
    0.007828
    0.007329
    0.006841
    0.006363
    0.005895
    0.005436
    0.004985
    0.004542
    0.004107
    0.003678
    0.003254
    0.002836
    0.002423
    0.002014
    0.001608
    0.001204
    0.000803
    0.000403
    0.030673
    0.029852
    0.029031
    0.028212
    0.027397
    0.026585
    0.025779
    0.024978
    0.024185
    0.023400
    0.022623
    0.021855
    0.021098
    0.020351
    0.019615
    0.018891
    0.018178
    0.017478
    0.016790
    0.016114
    0.015451
    0.014801
    0.014164
    0.013540
    0.012928
    0.012329
    0.011742
    0.011167
    0.010605
    0.010054
    0.009514
    0.008985
    0.008467
    0.007959
    0.007461
    0.006973
    0.006493
    0.006021
    0.005558
    0.005101
    0.004652
    0.004209
    0.003772
    0.003340
    0.002913
    0.002489
    0.002070
    0.001653
    0.001239
    0.000826
    0.000414
    0.029588
    0.028832
    0.028075
    0.027318
    0.026563
    0.025811
    0.025063
    0.024318
    0.023579
    0.022846
    0.022120
    0.021400
    0.020689
    0.019986
    0.019291
    0.018606
    0.017931
    0.017265
    0.016610
    0.015965
    0.015331
    0.014707
    0.014094
    0.013491
    0.012900
    0.012318
    0.011748
    0.011187
    0.010637
    0.010097
    0.009566
    0.009045
    0.008533
    0.008030
    0.007535
    0.007049
    0.006570
    0.006098
    0.005633
    0.005175
    0.004722
    0.004276
    0.003834
    0.003397
    0.002963
    0.002534
    0.002107
    0.001684
    0.001262
    0.000841
    0.000422
    0.028513
    0.027814
    0.027114
    0.026414
    0.025715
    0.025016
    0.024320
    0.023627
    0.022937
    0.022252
    0.021572
    0.020897
    0.020228
    0.019566
    0.018910
    0.018263
    0.017622
    0.016990
    0.016366
    0.015751
    0.015144
    0.014546
    0.013957
    0.013376
    0.012805
    0.012243
    0.011689
    0.011144
    0.010607
    0.010080
    0.009560
    0.009048
    0.008544
    0.008048
    0.007559
    0.007077
    0.006601
    0.006132
    0.005669
    0.005211
    0.004758
    0.004310
    0.003867
    0.003428
    0.002992
    0.002559
    0.002129
    0.001701
    0.001275
    0.000851
    0.000427
    0.027452
    0.026805
    0.026157
    0.025507
    0.024857
    0.024208
    0.023560
    0.022913
    0.022269
    0.021627
    0.020990
    0.020356
    0.019727
    0.019103
    0.018484
    0.017871
    0.017264
    0.016664
    0.016070
    0.015483
    0.014903
    0.014330
    0.013764
    0.013206
    0.012655
    0.012112
    0.011576
    0.011047
    0.010525
    0.010011
    0.009503
    0.009003
    0.008508
    0.008021
    0.007539
    0.007063
    0.006593
    0.006129
    0.005669
    0.005214
    0.004764
    0.004318
    0.003876
    0.003437
    0.003001
    0.002567
    0.002137
    0.001708
    0.001280
    0.000854
    0.000429
    0.026407
    0.025808
    0.025206
    0.024603
    0.023998
    0.023393
    0.022789
    0.022185
    0.021582
    0.020981
    0.020383
    0.019787
    0.019195
    0.018606
    0.018022
    0.017442
    0.016866
    0.016296
    0.015731
    0.015171
    0.014617
    0.014069
    0.013527
    0.012990
    0.012460
    0.011936
    0.011418
    0.010906
    0.010399
    0.009899
    0.009405
    0.008916
    0.008433
    0.007955
    0.007483
    0.007015
    0.006552
    0.006094
    0.005640
    0.005190
    0.004744
    0.004302
    0.003863
    0.003426
    0.002993
    0.002561
    0.002132
    0.001704
    0.001278
    0.000853
    0.000428
    0.025383
    0.024827
    0.024267
    0.023706
    0.023143
    0.022578
    0.022013
    0.021448
    0.020884
    0.020320
    0.019758
    0.019198
    0.018640
    0.018085
    0.017532
    0.016983
    0.016438
    0.015896
    0.015358
    0.014825
    0.014296
    0.013771
    0.013252
    0.012737
    0.012227
    0.011722
    0.011222
    0.010727
    0.010237
    0.009751
    0.009271
    0.008795
    0.008324
    0.007857
    0.007395
    0.006937
    0.006483
    0.006033
    0.005586
    0.005143
    0.004703
    0.004266
    0.003832
    0.003400
    0.002970
    0.002543
    0.002117
    0.001693
    0.001269
    0.000847
    0.000425
    0.024381
    0.023864
    0.023343
    0.022820
    0.022294
    0.021767
    0.021239
    0.020710
    0.020180
    0.019651
    0.019123
    0.018596
    0.018069
    0.017545
    0.017023
    0.016503
    0.015985
    0.015471
    0.014959
    0.014451
    0.013946
    0.013445
    0.012947
    0.012453
    0.011963
    0.011477
    0.010996
    0.010518
    0.010044
    0.009574
    0.009107
    0.008645
    0.008187
    0.007732
    0.007281
    0.006834
    0.006389
    0.005948
    0.005510
    0.005075
    0.004643
    0.004213
    0.003785
    0.003360
    0.002936
    0.002514
    0.002093
    0.001674
    0.001255
    0.000838
    0.000420
    0.023403
    0.022921
    0.022436
    0.021947
    0.021456
    0.020963
    0.020469
    0.019973
    0.019476
    0.018979
    0.018482
    0.017985
    0.017489
    0.016993
    0.016499
    0.016007
    0.015516
    0.015027
    0.014540
    0.014056
    0.013574
    0.013095
    0.012619
    0.012146
    0.011676
    0.011208
    0.010744
    0.010284
    0.009826
    0.009371
    0.008920
    0.008472
    0.008027
    0.007585
    0.007146
    0.006710
    0.006276
    0.005845
    0.005417
    0.004991
    0.004567
    0.004146
    0.003726
    0.003308
    0.002891
    0.002476
    0.002062
    0.001649
    0.001237
    0.000825
    0.000414
    0.022450
    0.022000
    0.021547
    0.021091
    0.020632
    0.020170
    0.019707
    0.019241
    0.018775
    0.018307
    0.017839
    0.017371
    0.016902
    0.016434
    0.015967
    0.015500
    0.015034
    0.014570
    0.014107
    0.013646
    0.013186
    0.012728
    0.012273
    0.011820
    0.011369
    0.010920
    0.010474
    0.010030
    0.009589
    0.009150
    0.008714
    0.008280
    0.007848
    0.007419
    0.006993
    0.006569
    0.006147
    0.005727
    0.005309
    0.004893
    0.004479
    0.004066
    0.003655
    0.003246
    0.002838
    0.002431
    0.002025
    0.001619
    0.001215
    0.000811
    0.000407
    0.021522
    0.021103
    0.020679
    0.020253
    0.019823
    0.019390
    0.018955
    0.018518
    0.018080
    0.017640
    0.017199
    0.016757
    0.016315
    0.015872
    0.015430
    0.014987
    0.014545
    0.014104
    0.013664
    0.013224
    0.012786
    0.012349
    0.011914
    0.011480
    0.011047
    0.010617
    0.010188
    0.009761
    0.009336
    0.008913
    0.008492
    0.008072
    0.007655
    0.007239
    0.006826
    0.006414
    0.006004
    0.005596
    0.005189
    0.004784
    0.004380
    0.003978
    0.003576
    0.003176
    0.002778
    0.002379
    0.001982
    0.001586
    0.001190
    0.000794
    0.000399
    0.020621
    0.020229
    0.019833
    0.019434
    0.019031
    0.018625
    0.018217
    0.017807
    0.017394
    0.016980
    0.016564
    0.016147
    0.015729
    0.015310
    0.014891
    0.014472
    0.014052
    0.013633
    0.013214
    0.012796
    0.012378
    0.011961
    0.011545
    0.011129
    0.010715
    0.010302
    0.009891
    0.009480
    0.009071
    0.008664
    0.008258
    0.007853
    0.007450
    0.007048
    0.006647
    0.006248
    0.005851
    0.005454
    0.005059
    0.004665
    0.004273
    0.003881
    0.003490
    0.003100
    0.002712
    0.002323
    0.001936
    0.001548
    0.001162
    0.000775
    0.000389
    0.019747
    0.019381
    0.019010
    0.018636
    0.018258
    0.017877
    0.017494
    0.017108
    0.016719
    0.016329
    0.015937
    0.015543
    0.015148
    0.014752
    0.014355
    0.013957
    0.013559
    0.013161
    0.012762
    0.012364
    0.011966
    0.011568
    0.011170
    0.010773
    0.010376
    0.009981
    0.009586
    0.009192
    0.008799
    0.008406
    0.008015
    0.007625
    0.007236
    0.006848
    0.006461
    0.006075
    0.005690
    0.005306
    0.004922
    0.004540
    0.004159
    0.003778
    0.003399
    0.003020
    0.002641
    0.002263
    0.001886
    0.001509
    0.001132
    0.000756
    0.000379
    0.018901
    0.018558
    0.018211
    0.017860
    0.017505
    0.017148
    0.016787
    0.016424
    0.016058
    0.015690
    0.015320
    0.014948
    0.014574
    0.014199
    0.013823
    0.013446
    0.013068
    0.012690
    0.012311
    0.011931
    0.011552
    0.011172
    0.010792
    0.010413
    0.010033
    0.009654
    0.009276
    0.008898
    0.008520
    0.008143
    0.007766
    0.007391
    0.007016
    0.006641
    0.006268
    0.005895
    0.005522
    0.005151
    0.004780
    0.004410
    0.004040
    0.003671
    0.003303
    0.002935
    0.002567
    0.002200
    0.001833
    0.001467
    0.001101
    0.000735
    0.000369
    0.018081
    0.017760
    0.017435
    0.017106
    0.016773
    0.016437
    0.016097
    0.015755
    0.015411
    0.015063
    0.014714
    0.014363
    0.014009
    0.013654
    0.013298
    0.012940
    0.012582
    0.012222
    0.011862
    0.011500
    0.011139
    0.010776
    0.010414
    0.010051
    0.009688
    0.009326
    0.008963
    0.008600
    0.008238
    0.007876
    0.007514
    0.007152
    0.006791
    0.006431
    0.006070
    0.005710
    0.005351
    0.004992
    0.004633
    0.004275
    0.003918
    0.003560
    0.003204
    0.002847
    0.002491
    0.002135
    0.001779
    0.001424
    0.001068
    0.000713
    0.000358
    0.017290
    0.016988
    0.016683
    0.016374
    0.016062
    0.015745
    0.015426
    0.015104
    0.014779
    0.014451
    0.014122
    0.013789
    0.013455
    0.013119
    0.012781
    0.012442
    0.012102
    0.011760
    0.011417
    0.011073
    0.010728
    0.010383
    0.010037
    0.009691
    0.009344
    0.008997
    0.008649
    0.008302
    0.007954
    0.007607
    0.007259
    0.006912
    0.006564
    0.006217
    0.005870
    0.005523
    0.005177
    0.004831
    0.004484
    0.004139
    0.003793
    0.003448
    0.003102
    0.002757
    0.002413
    0.002068
    0.001724
    0.001379
    0.001035
    0.000691
    0.000347
    0.016525
    0.016242
    0.015956
    0.015666
    0.015372
    0.015075
    0.014774
    0.014471
    0.014164
    0.013855
    0.013543
    0.013229
    0.012913
    0.012595
    0.012275
    0.011953
    0.011629
    0.011305
    0.010979
    0.010651
    0.010323
    0.009994
    0.009664
    0.009333
    0.009002
    0.008670
    0.008337
    0.008004
    0.007671
    0.007338
    0.007004
    0.006671
    0.006337
    0.006003
    0.005669
    0.005335
    0.005001
    0.004668
    0.004334
    0.004000
    0.003667
    0.003333
    0.003000
    0.002667
    0.002333
    0.002000
    0.001667
    0.001334
    0.001001
    0.000669
    0.000336
