   -0.352225
   -0.172207
   -0.080776
   -0.034713
   -0.011893
   -0.000950
    0.003963
    0.005859
    0.006287
    0.006038
    0.005511
    0.004902
    0.004305
    0.003757
    0.003273
    0.002853
    0.002492
    0.002184
    0.001920
    0.001695
    0.001502
    0.001336
    0.001194
    0.001071
    0.000965
    0.000872
    0.000792
    0.000721
    0.000659
    0.000605
    0.000557
    0.000515
    0.000478
    0.000445
    0.000415
    0.000389
    0.000366
    0.000346
    0.000328
    0.000312
    0.000298
    0.000286
    0.000275
    0.000266
    0.000258
    0.000251
    0.000246
    0.000242
    0.000239
    0.000236
    0.000235
    0.378751
    0.209252
    0.122003
    0.075837
    0.050453
    0.035782
    0.026781
    0.020896
    0.016807
    0.013814
    0.011532
    0.009737
    0.008295
    0.007118
    0.006146
    0.005337
    0.004658
    0.004086
    0.003601
    0.003187
    0.002833
    0.002529
    0.002267
    0.002040
    0.001842
    0.001670
    0.001520
    0.001388
    0.001272
    0.001170
    0.001079
    0.001000
    0.000929
    0.000866
    0.000810
    0.000761
    0.000717
    0.000677
    0.000643
    0.000612
    0.000585
    0.000562
    0.000541
    0.000523
    0.000508
    0.000495
    0.000485
    0.000477
    0.000471
    0.000467
    0.000465
    0.071706
    0.076658
    0.068012
    0.056493
    0.045852
    0.037069
    0.030125
    0.024708
    0.020479
    0.017151
    0.014502
    0.012368
    0.010628
    0.009195
    0.008003
    0.007004
    0.006161
    0.005444
    0.004832
    0.004306
    0.003853
    0.003461
    0.003119
    0.002822
    0.002562
    0.002333
    0.002132
    0.001955
    0.001799
    0.001660
    0.001537
    0.001427
    0.001330
    0.001243
    0.001166
    0.001097
    0.001036
    0.000981
    0.000933
    0.000890
    0.000852
    0.000819
    0.000790
    0.000764
    0.000743
    0.000725
    0.000710
    0.000699
    0.000690
    0.000684
    0.000681
    0.021082
    0.029057
    0.031970
    0.031663
    0.029635
    0.026866
    0.023921
    0.021097
    0.018523
    0.016243
    0.014254
    0.012532
    0.011045
    0.009763
    0.008657
    0.007700
    0.006871
    0.006150
    0.005522
    0.004973
    0.004493
    0.004071
    0.003699
    0.003372
    0.003082
    0.002825
    0.002597
    0.002394
    0.002214
    0.002052
    0.001908
    0.001780
    0.001665
    0.001562
    0.001469
    0.001387
    0.001313
    0.001247
    0.001188
    0.001136
    0.001090
    0.001049
    0.001013
    0.000983
    0.000956
    0.000934
    0.000916
    0.000902
    0.000891
    0.000884
    0.000880
    0.008584
    0.013095
    0.016047
    0.017595
    0.018055
    0.017754
    0.016970
    0.015914
    0.014732
    0.013520
    0.012338
    0.011220
    0.010184
    0.009236
    0.008375
    0.007599
    0.006902
    0.006276
    0.005716
    0.005215
    0.004767
    0.004366
    0.004006
    0.003684
    0.003396
    0.003137
    0.002904
    0.002695
    0.002507
    0.002337
    0.002185
    0.002047
    0.001924
    0.001812
    0.001712
    0.001622
    0.001541
    0.001468
    0.001403
    0.001345
    0.001293
    0.001248
    0.001208
    0.001173
    0.001143
    0.001118
    0.001098
    0.001081
    0.001069
    0.001061
    0.001057
    0.004316
    0.006878
    0.008897
    0.010334
    0.011226
    0.011657
    0.011723
    0.011519
    0.011125
    0.010609
    0.010022
    0.009401
    0.008774
    0.008158
    0.007567
    0.007007
    0.006482
    0.005994
    0.005543
    0.005127
    0.004746
    0.004398
    0.004080
    0.003789
    0.003524
    0.003283
    0.003064
    0.002864
    0.002682
    0.002517
    0.002367
    0.002230
    0.002106
    0.001994
    0.001892
    0.001800
    0.001716
    0.001641
    0.001573
    0.001513
    0.001459
    0.001411
    0.001369
    0.001332
    0.001301
    0.001274
    0.001253
    0.001235
    0.001222
    0.001214
    0.001210
    0.002488
    0.004049
    0.005390
    0.006472
    0.007284
    0.007841
    0.008169
    0.008305
    0.008284
    0.008144
    0.007914
    0.007622
    0.007288
    0.006931
    0.006563
    0.006194
    0.005831
    0.005480
    0.005144
    0.004825
    0.004524
    0.004242
    0.003978
    0.003733
    0.003505
    0.003295
    0.003100
    0.002920
    0.002755
    0.002603
    0.002463
    0.002334
    0.002217
    0.002109
    0.002011
    0.001922
    0.001840
    0.001767
    0.001700
    0.001640
    0.001586
    0.001539
    0.001496
    0.001460
    0.001428
    0.001401
    0.001379
    0.001362
    0.001348
    0.001340
    0.001336
    0.001573
    0.002590
    0.003505
    0.004294
    0.004943
    0.005450
    0.005819
    0.006063
    0.006197
    0.006236
    0.006198
    0.006099
    0.005952
    0.005771
    0.005564
    0.005341
    0.005109
    0.004874
    0.004640
    0.004409
    0.004185
    0.003969
    0.003763
    0.003567
    0.003381
    0.003206
    0.003042
    0.002888
    0.002744
    0.002611
    0.002487
    0.002371
    0.002265
    0.002167
    0.002076
    0.001993
    0.001917
    0.001848
    0.001785
    0.001728
    0.001677
    0.001631
    0.001591
    0.001555
    0.001524
    0.001498
    0.001477
    0.001460
    0.001447
    0.001439
    0.001434
    0.001063
    0.001762
    0.002409
    0.002990
    0.003494
    0.003915
    0.004254
    0.004512
    0.004695
    0.004811
    0.004868
    0.004873
    0.004836
    0.004765
    0.004666
    0.004545
    0.004410
    0.004263
    0.004110
    0.003953
    0.003795
    0.003638
    0.003484
    0.003334
    0.003190
    0.003051
    0.002918
    0.002792
    0.002672
    0.002560
    0.002454
    0.002355
    0.002262
    0.002175
    0.002095
    0.002021
    0.001953
    0.001890
    0.001833
    0.001780
    0.001733
    0.001691
    0.001653
    0.001620
    0.001591
    0.001567
    0.001547
    0.001531
    0.001519
    0.001511
    0.001507
    0.000755
    0.001258
    0.001731
    0.002167
    0.002558
    0.002900
    0.003190
    0.003429
    0.003617
    0.003758
    0.003855
    0.003913
    0.003937
    0.003930
    0.003899
    0.003847
    0.003778
    0.003695
    0.003602
    0.003502
    0.003397
    0.003289
    0.003180
    0.003070
    0.002962
    0.002856
    0.002753
    0.002654
    0.002558
    0.002467
    0.002379
    0.002297
    0.002219
    0.002145
    0.002077
    0.002013
    0.001953
    0.001898
    0.001848
    0.001801
    0.001759
    0.001721
    0.001688
    0.001658
    0.001632
    0.001610
    0.001591
    0.001577
    0.001566
    0.001559
    0.001555
    0.000558
    0.000932
    0.001289
    0.001623
    0.001930
    0.002207
    0.002450
    0.002659
    0.002835
    0.002977
    0.003087
    0.003169
    0.003223
    0.003254
    0.003263
    0.003254
    0.003229
    0.003190
    0.003141
    0.003083
    0.003018
    0.002948
    0.002875
    0.002799
    0.002722
    0.002644
    0.002567
    0.002492
    0.002418
    0.002346
    0.002277
    0.002210
    0.002147
    0.002086
    0.002029
    0.001976
    0.001926
    0.001879
    0.001836
    0.001796
    0.001759
    0.001727
    0.001697
    0.001671
    0.001648
    0.001629
    0.001613
    0.001600
    0.001590
    0.001584
    0.001580
    0.000426
    0.000712
    0.000988
    0.001250
    0.001495
    0.001719
    0.001922
    0.002102
    0.002259
    0.002392
    0.002503
    0.002592
    0.002661
    0.002710
    0.002743
    0.002759
    0.002763
    0.002754
    0.002734
    0.002707
    0.002671
    0.002630
    0.002584
    0.002535
    0.002483
    0.002429
    0.002374
    0.002319
    0.002264
    0.002210
    0.002156
    0.002105
    0.002055
    0.002007
    0.001961
    0.001917
    0.001876
    0.001838
    0.001802
    0.001769
    0.001738
    0.001711
    0.001686
    0.001663
    0.001644
    0.001627
    0.001613
    0.001602
    0.001594
    0.001588
    0.001586
    0.000333
    0.000558
    0.000777
    0.000986
    0.001184
    0.001368
    0.001538
    0.001692
    0.001829
    0.001950
    0.002055
    0.002143
    0.002216
    0.002275
    0.002319
    0.002351
    0.002372
    0.002382
    0.002383
    0.002376
    0.002361
    0.002341
    0.002316
    0.002287
    0.002255
    0.002220
    0.002183
    0.002145
    0.002106
    0.002066
    0.002027
    0.001988
    0.001951
    0.001914
    0.001878
    0.001844
    0.001811
    0.001781
    0.001752
    0.001725
    0.001700
    0.001677
    0.001657
    0.001638
    0.001622
    0.001608
    0.001597
    0.001587
    0.001581
    0.001576
    0.001574
    0.000266
    0.000447
    0.000623
    0.000793
    0.000955
    0.001108
    0.001251
    0.001383
    0.001503
    0.001611
    0.001707
    0.001791
    0.001863
    0.001924
    0.001975
    0.002015
    0.002045
    0.002067
    0.002081
    0.002088
    0.002089
    0.002084
    0.002074
    0.002060
    0.002043
    0.002022
    0.002000
    0.001975
    0.001949
    0.001922
    0.001895
    0.001867
    0.001840
    0.001813
    0.001786
    0.001760
    0.001735
    0.001712
    0.001689
    0.001668
    0.001649
    0.001630
    0.001614
    0.001599
    0.001586
    0.001575
    0.001566
    0.001558
    0.001553
    0.001549
    0.001547
    0.000217
    0.000365
    0.000510
    0.000650
    0.000784
    0.000913
    0.001034
    0.001147
    0.001251
    0.001347
    0.001434
    0.001512
    0.001581
    0.001642
    0.001693
    0.001737
    0.001773
    0.001802
    0.001824
    0.001841
    0.001851
    0.001857
    0.001858
    0.001855
    0.001849
    0.001840
    0.001828
    0.001814
    0.001799
    0.001782
    0.001764
    0.001746
    0.001727
    0.001708
    0.001689
    0.001671
    0.001652
    0.001635
    0.001618
    0.001602
    0.001587
    0.001574
    0.001561
    0.001550
    0.001540
    0.001531
    0.001523
    0.001518
    0.001513
    0.001510
    0.001509
    0.000180
    0.000303
    0.000423
    0.000540
    0.000654
    0.000762
    0.000866
    0.000963
    0.001055
    0.001140
    0.001218
    0.001289
    0.001354
    0.001412
    0.001463
    0.001508
    0.001546
    0.001579
    0.001606
    0.001628
    0.001645
    0.001658
    0.001666
    0.001672
    0.001674
    0.001673
    0.001669
    0.001664
    0.001657
    0.001648
    0.001638
    0.001627
    0.001615
    0.001603
    0.001591
    0.001578
    0.001566
    0.001553
    0.001542
    0.001530
    0.001519
    0.001509
    0.001500
    0.001492
    0.001484
    0.001478
    0.001472
    0.001468
    0.001464
    0.001462
    0.001461
    0.000151
    0.000254
    0.000356
    0.000455
    0.000552
    0.000645
    0.000734
    0.000819
    0.000899
    0.000974
    0.001044
    0.001109
    0.001169
    0.001223
    0.001272
    0.001317
    0.001356
    0.001390
    0.001419
    0.001445
    0.001466
    0.001483
    0.001497
    0.001508
    0.001516
    0.001521
    0.001524
    0.001525
    0.001524
    0.001521
    0.001517
    0.001512
    0.001506
    0.001500
    0.001493
    0.001485
    0.001477
    0.001470
    0.001462
    0.001454
    0.001447
    0.001440
    0.001434
    0.001428
    0.001423
    0.001418
    0.001414
    0.001411
    0.001409
    0.001407
    0.001407
    0.000129
    0.000217
    0.000303
    0.000388
    0.000471
    0.000551
    0.000629
    0.000703
    0.000773
    0.000840
    0.000903
    0.000962
    0.001017
    0.001068
    0.001114
    0.001157
    0.001195
    0.001230
    0.001260
    0.001287
    0.001311
    0.001331
    0.001349
    0.001363
    0.001375
    0.001385
    0.001392
    0.001397
    0.001401
    0.001403
    0.001404
    0.001404
    0.001402
    0.001400
    0.001397
    0.001394
    0.001390
    0.001386
    0.001381
    0.001377
    0.001373
    0.001369
    0.001365
    0.001361
    0.001358
    0.001355
    0.001352
    0.001350
    0.001349
    0.001348
    0.001347
    0.000111
    0.000186
    0.000261
    0.000334
    0.000406
    0.000476
    0.000544
    0.000609
    0.000672
    0.000731
    0.000788
    0.000841
    0.000891
    0.000938
    0.000982
    0.001022
    0.001059
    0.001093
    0.001124
    0.001151
    0.001176
    0.001198
    0.001217
    0.001234
    0.001249
    0.001262
    0.001272
    0.001281
    0.001288
    0.001294
    0.001298
    0.001301
    0.001303
    0.001304
    0.001305
    0.001304
    0.001304
    0.001303
    0.001301
    0.001299
    0.001297
    0.001296
    0.001294
    0.001292
    0.001290
    0.001288
    0.001287
    0.001286
    0.001285
    0.001284
    0.001284
    0.000096
    0.000162
    0.000227
    0.000291
    0.000354
    0.000415
    0.000474
    0.000532
    0.000588
    0.000641
    0.000692
    0.000740
    0.000786
    0.000829
    0.000870
    0.000908
    0.000943
    0.000976
    0.001006
    0.001033
    0.001058
    0.001081
    0.001102
    0.001120
    0.001136
    0.001151
    0.001164
    0.001175
    0.001184
    0.001192
    0.001199
    0.001205
    0.001210
    0.001213
    0.001216
    0.001219
    0.001220
    0.001222
    0.001222
    0.001223
    0.001223
    0.001222
    0.001222
    0.001222
    0.001221
    0.001221
    0.001220
    0.001220
    0.001220
    0.001220
    0.001219
    0.000084
    0.000142
    0.000199
    0.000255
    0.000310
    0.000364
    0.000417
    0.000468
    0.000518
    0.000566
    0.000612
    0.000656
    0.000698
    0.000737
    0.000775
    0.000810
    0.000844
    0.000875
    0.000904
    0.000931
    0.000955
    0.000978
    0.000999
    0.001018
    0.001036
    0.001051
    0.001065
    0.001078
    0.001089
    0.001099
    0.001108
    0.001115
    0.001122
    0.001128
    0.001133
    0.001137
    0.001140
    0.001143
    0.001146
    0.001148
    0.001149
    0.001151
    0.001152
    0.001152
    0.001153
    0.001153
    0.001154
    0.001154
    0.001154
    0.001154
    0.001154
    0.000074
    0.000125
    0.000175
    0.000225
    0.000274
    0.000322
    0.000369
    0.000415
    0.000459
    0.000502
    0.000544
    0.000584
    0.000622
    0.000659
    0.000694
    0.000727
    0.000758
    0.000787
    0.000815
    0.000841
    0.000865
    0.000888
    0.000908
    0.000928
    0.000945
    0.000962
    0.000976
    0.000990
    0.001002
    0.001013
    0.001023
    0.001032
    0.001040
    0.001047
    0.001054
    0.001059
    0.001064
    0.001068
    0.001072
    0.001075
    0.001078
    0.001080
    0.001082
    0.001084
    0.001085
    0.001086
    0.001087
    0.001088
    0.001089
    0.001089
    0.001089
    0.000066
    0.000111
    0.000156
    0.000200
    0.000243
    0.000286
    0.000328
    0.000369
    0.000410
    0.000448
    0.000486
    0.000522
    0.000558
    0.000591
    0.000623
    0.000654
    0.000683
    0.000711
    0.000737
    0.000762
    0.000785
    0.000807
    0.000827
    0.000847
    0.000864
    0.000881
    0.000896
    0.000910
    0.000923
    0.000934
    0.000945
    0.000955
    0.000964
    0.000972
    0.000979
    0.000986
    0.000992
    0.000997
    0.001002
    0.001006
    0.001009
    0.001012
    0.001015
    0.001018
    0.001019
    0.001021
    0.001023
    0.001024
    0.001024
    0.001025
    0.001025
    0.000059
    0.000099
    0.000139
    0.000178
    0.000217
    0.000256
    0.000294
    0.000331
    0.000367
    0.000402
    0.000436
    0.000470
    0.000502
    0.000533
    0.000562
    0.000591
    0.000618
    0.000644
    0.000669
    0.000692
    0.000714
    0.000735
    0.000755
    0.000774
    0.000791
    0.000808
    0.000823
    0.000837
    0.000850
    0.000862
    0.000873
    0.000884
    0.000893
    0.000902
    0.000910
    0.000917
    0.000923
    0.000929
    0.000935
    0.000939
    0.000943
    0.000947
    0.000951
    0.000953
    0.000956
    0.000958
    0.000960
    0.000961
    0.000962
    0.000962
    0.000963
    0.000053
    0.000089
    0.000125
    0.000160
    0.000195
    0.000230
    0.000264
    0.000297
    0.000330
    0.000362
    0.000393
    0.000424
    0.000453
    0.000482
    0.000509
    0.000535
    0.000561
    0.000585
    0.000608
    0.000630
    0.000652
    0.000672
    0.000691
    0.000708
    0.000725
    0.000741
    0.000756
    0.000770
    0.000783
    0.000796
    0.000807
    0.000817
    0.000827
    0.000836
    0.000844
    0.000852
    0.000859
    0.000865
    0.000871
    0.000876
    0.000881
    0.000885
    0.000889
    0.000892
    0.000895
    0.000897
    0.000899
    0.000900
    0.000901
    0.000902
    0.000903
    0.000047
    0.000080
    0.000112
    0.000144
    0.000176
    0.000207
    0.000238
    0.000269
    0.000298
    0.000327
    0.000356
    0.000384
    0.000411
    0.000437
    0.000462
    0.000486
    0.000510
    0.000533
    0.000555
    0.000575
    0.000595
    0.000614
    0.000632
    0.000650
    0.000666
    0.000681
    0.000696
    0.000710
    0.000722
    0.000734
    0.000746
    0.000756
    0.000766
    0.000775
    0.000784
    0.000791
    0.000799
    0.000805
    0.000811
    0.000817
    0.000821
    0.000826
    0.000830
    0.000833
    0.000836
    0.000839
    0.000841
    0.000842
    0.000843
    0.000844
    0.000845
    0.000043
    0.000072
    0.000101
    0.000130
    0.000159
    0.000188
    0.000216
    0.000243
    0.000270
    0.000297
    0.000323
    0.000348
    0.000373
    0.000397
    0.000421
    0.000443
    0.000465
    0.000486
    0.000507
    0.000526
    0.000545
    0.000563
    0.000580
    0.000596
    0.000612
    0.000627
    0.000641
    0.000654
    0.000666
    0.000678
    0.000689
    0.000700
    0.000709
    0.000719
    0.000727
    0.000735
    0.000742
    0.000749
    0.000755
    0.000760
    0.000765
    0.000770
    0.000774
    0.000777
    0.000780
    0.000783
    0.000785
    0.000787
    0.000788
    0.000789
    0.000789
    0.000039
    0.000066
    0.000092
    0.000118
    0.000144
    0.000170
    0.000196
    0.000221
    0.000246
    0.000270
    0.000294
    0.000317
    0.000340
    0.000362
    0.000384
    0.000405
    0.000425
    0.000445
    0.000464
    0.000482
    0.000499
    0.000516
    0.000532
    0.000548
    0.000563
    0.000577
    0.000590
    0.000603
    0.000615
    0.000627
    0.000637
    0.000647
    0.000657
    0.000666
    0.000674
    0.000682
    0.000689
    0.000696
    0.000702
    0.000707
    0.000712
    0.000717
    0.000721
    0.000725
    0.000728
    0.000730
    0.000732
    0.000734
    0.000736
    0.000736
    0.000737
    0.000035
    0.000060
    0.000084
    0.000108
    0.000131
    0.000155
    0.000178
    0.000201
    0.000224
    0.000246
    0.000268
    0.000289
    0.000310
    0.000331
    0.000351
    0.000370
    0.000389
    0.000407
    0.000425
    0.000442
    0.000458
    0.000474
    0.000489
    0.000504
    0.000518
    0.000532
    0.000544
    0.000556
    0.000568
    0.000579
    0.000589
    0.000599
    0.000608
    0.000617
    0.000625
    0.000633
    0.000640
    0.000646
    0.000652
    0.000658
    0.000663
    0.000667
    0.000671
    0.000675
    0.000678
    0.000680
    0.000683
    0.000684
    0.000686
    0.000687
    0.000687
    0.000032
    0.000054
    0.000076
    0.000098
    0.000120
    0.000141
    0.000163
    0.000184
    0.000204
    0.000225
    0.000245
    0.000265
    0.000284
    0.000303
    0.000321
    0.000339
    0.000356
    0.000373
    0.000390
    0.000406
    0.000421
    0.000436
    0.000450
    0.000464
    0.000477
    0.000490
    0.000502
    0.000514
    0.000525
    0.000535
    0.000545
    0.000554
    0.000563
    0.000572
    0.000579
    0.000587
    0.000594
    0.000600
    0.000606
    0.000611
    0.000616
    0.000620
    0.000624
    0.000628
    0.000631
    0.000634
    0.000636
    0.000637
    0.000639
    0.000640
    0.000640
    0.000030
    0.000050
    0.000070
    0.000090
    0.000110
    0.000129
    0.000149
    0.000168
    0.000187
    0.000206
    0.000224
    0.000242
    0.000260
    0.000277
    0.000294
    0.000311
    0.000327
    0.000343
    0.000358
    0.000373
    0.000387
    0.000401
    0.000415
    0.000428
    0.000440
    0.000452
    0.000463
    0.000474
    0.000485
    0.000495
    0.000504
    0.000513
    0.000522
    0.000530
    0.000537
    0.000544
    0.000551
    0.000557
    0.000562
    0.000568
    0.000572
    0.000577
    0.000580
    0.000584
    0.000587
    0.000589
    0.000591
    0.000593
    0.000594
    0.000595
    0.000596
    0.000027
    0.000045
    0.000064
    0.000082
    0.000100
    0.000118
    0.000136
    0.000154
    0.000171
    0.000189
    0.000206
    0.000222
    0.000239
    0.000255
    0.000270
    0.000286
    0.000301
    0.000315
    0.000330
    0.000343
    0.000357
    0.000370
    0.000382
    0.000394
    0.000406
    0.000417
    0.000428
    0.000438
    0.000448
    0.000458
    0.000466
    0.000475
    0.000483
    0.000491
    0.000498
    0.000504
    0.000511
    0.000517
    0.000522
    0.000527
    0.000532
    0.000536
    0.000539
    0.000543
    0.000545
    0.000548
    0.000550
    0.000552
    0.000553
    0.000554
    0.000554
    0.000025
    0.000042
    0.000059
    0.000075
    0.000092
    0.000109
    0.000125
    0.000141
    0.000157
    0.000173
    0.000189
    0.000204
    0.000219
    0.000234
    0.000249
    0.000263
    0.000277
    0.000290
    0.000303
    0.000316
    0.000329
    0.000341
    0.000352
    0.000364
    0.000375
    0.000385
    0.000395
    0.000405
    0.000414
    0.000423
    0.000432
    0.000440
    0.000447
    0.000454
    0.000461
    0.000468
    0.000474
    0.000479
    0.000484
    0.000489
    0.000493
    0.000497
    0.000501
    0.000504
    0.000507
    0.000509
    0.000511
    0.000513
    0.000514
    0.000515
    0.000515
    0.000023
    0.000038
    0.000054
    0.000069
    0.000085
    0.000100
    0.000115
    0.000130
    0.000145
    0.000159
    0.000174
    0.000188
    0.000202
    0.000215
    0.000229
    0.000242
    0.000255
    0.000267
    0.000280
    0.000291
    0.000303
    0.000314
    0.000325
    0.000336
    0.000346
    0.000356
    0.000365
    0.000374
    0.000383
    0.000391
    0.000399
    0.000407
    0.000414
    0.000421
    0.000427
    0.000433
    0.000439
    0.000444
    0.000449
    0.000454
    0.000458
    0.000462
    0.000465
    0.000468
    0.000471
    0.000473
    0.000475
    0.000476
    0.000477
    0.000478
    0.000479
    0.000021
    0.000035
    0.000049
    0.000064
    0.000078
    0.000092
    0.000106
    0.000119
    0.000133
    0.000146
    0.000160
    0.000173
    0.000186
    0.000198
    0.000211
    0.000223
    0.000235
    0.000246
    0.000258
    0.000269
    0.000280
    0.000290
    0.000300
    0.000310
    0.000320
    0.000329
    0.000338
    0.000346
    0.000354
    0.000362
    0.000370
    0.000377
    0.000383
    0.000390
    0.000396
    0.000402
    0.000407
    0.000412
    0.000417
    0.000421
    0.000425
    0.000428
    0.000432
    0.000434
    0.000437
    0.000439
    0.000441
    0.000442
    0.000443
    0.000444
    0.000444
    0.000019
    0.000032
    0.000045
    0.000059
    0.000072
    0.000084
    0.000097
    0.000110
    0.000122
    0.000135
    0.000147
    0.000159
    0.000171
    0.000183
    0.000194
    0.000205
    0.000216
    0.000227
    0.000238
    0.000248
    0.000258
    0.000268
    0.000277
    0.000286
    0.000295
    0.000304
    0.000312
    0.000320
    0.000328
    0.000335
    0.000342
    0.000349
    0.000355
    0.000361
    0.000367
    0.000372
    0.000377
    0.000382
    0.000386
    0.000390
    0.000394
    0.000397
    0.000400
    0.000403
    0.000405
    0.000407
    0.000409
    0.000410
    0.000412
    0.000412
    0.000413
    0.000018
    0.000030
    0.000042
    0.000054
    0.000066
    0.000078
    0.000090
    0.000101
    0.000113
    0.000124
    0.000136
    0.000147
    0.000158
    0.000168
    0.000179
    0.000189
    0.000200
    0.000210
    0.000219
    0.000229
    0.000238
    0.000247
    0.000256
    0.000265
    0.000273
    0.000281
    0.000289
    0.000296
    0.000303
    0.000310
    0.000317
    0.000323
    0.000329
    0.000334
    0.000340
    0.000345
    0.000350
    0.000354
    0.000358
    0.000362
    0.000365
    0.000368
    0.000371
    0.000374
    0.000376
    0.000378
    0.000380
    0.000381
    0.000382
    0.000382
    0.000383
    0.000016
    0.000027
    0.000039
    0.000050
    0.000061
    0.000072
    0.000083
    0.000093
    0.000104
    0.000115
    0.000125
    0.000135
    0.000145
    0.000155
    0.000165
    0.000175
    0.000184
    0.000194
    0.000203
    0.000211
    0.000220
    0.000229
    0.000237
    0.000245
    0.000252
    0.000260
    0.000267
    0.000274
    0.000280
    0.000287
    0.000293
    0.000299
    0.000304
    0.000310
    0.000315
    0.000319
    0.000324
    0.000328
    0.000332
    0.000335
    0.000339
    0.000342
    0.000344
    0.000347
    0.000349
    0.000351
    0.000352
    0.000353
    0.000354
    0.000355
    0.000355
    0.000015
    0.000025
    0.000036
    0.000046
    0.000056
    0.000066
    0.000076
    0.000086
    0.000096
    0.000106
    0.000115
    0.000125
    0.000134
    0.000143
    0.000153
    0.000161
    0.000170
    0.000179
    0.000187
    0.000195
    0.000203
    0.000211
    0.000219
    0.000226
    0.000233
    0.000240
    0.000247
    0.000253
    0.000260
    0.000265
    0.000271
    0.000277
    0.000282
    0.000287
    0.000291
    0.000296
    0.000300
    0.000304
    0.000307
    0.000311
    0.000314
    0.000317
    0.000319
    0.000321
    0.000323
    0.000325
    0.000326
    0.000328
    0.000328
    0.000329
    0.000329
    0.000014
    0.000023
    0.000033
    0.000042
    0.000052
    0.000061
    0.000070
    0.000079
    0.000089
    0.000098
    0.000106
    0.000115
    0.000124
    0.000132
    0.000141
    0.000149
    0.000157
    0.000165
    0.000173
    0.000181
    0.000188
    0.000195
    0.000202
    0.000209
    0.000216
    0.000222
    0.000228
    0.000234
    0.000240
    0.000246
    0.000251
    0.000256
    0.000261
    0.000266
    0.000270
    0.000274
    0.000278
    0.000282
    0.000285
    0.000288
    0.000291
    0.000294
    0.000296
    0.000298
    0.000300
    0.000301
    0.000303
    0.000304
    0.000305
    0.000305
    0.000305
    0.000013
    0.000022
    0.000030
    0.000039
    0.000048
    0.000056
    0.000065
    0.000073
    0.000082
    0.000090
    0.000098
    0.000106
    0.000114
    0.000122
    0.000130
    0.000138
    0.000145
    0.000153
    0.000160
    0.000167
    0.000174
    0.000180
    0.000187
    0.000193
    0.000200
    0.000206
    0.000211
    0.000217
    0.000222
    0.000227
    0.000232
    0.000237
    0.000242
    0.000246
    0.000250
    0.000254
    0.000257
    0.000261
    0.000264
    0.000267
    0.000270
    0.000272
    0.000274
    0.000276
    0.000278
    0.000279
    0.000281
    0.000282
    0.000282
    0.000283
    0.000283
    0.000012
    0.000020
    0.000028
    0.000036
    0.000044
    0.000052
    0.000060
    0.000068
    0.000076
    0.000083
    0.000091
    0.000098
    0.000106
    0.000113
    0.000120
    0.000127
    0.000134
    0.000141
    0.000148
    0.000154
    0.000161
    0.000167
    0.000173
    0.000179
    0.000185
    0.000190
    0.000195
    0.000201
    0.000206
    0.000210
    0.000215
    0.000219
    0.000224
    0.000228
    0.000231
    0.000235
    0.000238
    0.000242
    0.000245
    0.000247
    0.000250
    0.000252
    0.000254
    0.000256
    0.000257
    0.000259
    0.000260
    0.000261
    0.000262
    0.000262
    0.000262
    0.000011
    0.000018
    0.000026
    0.000033
    0.000041
    0.000048
    0.000055
    0.000063
    0.000070
    0.000077
    0.000084
    0.000091
    0.000098
    0.000104
    0.000111
    0.000118
    0.000124
    0.000130
    0.000137
    0.000143
    0.000149
    0.000154
    0.000160
    0.000165
    0.000171
    0.000176
    0.000181
    0.000186
    0.000190
    0.000195
    0.000199
    0.000203
    0.000207
    0.000211
    0.000214
    0.000218
    0.000221
    0.000224
    0.000226
    0.000229
    0.000231
    0.000233
    0.000235
    0.000237
    0.000239
    0.000240
    0.000241
    0.000242
    0.000242
    0.000243
    0.000243
    0.000010
    0.000017
    0.000024
    0.000031
    0.000038
    0.000044
    0.000051
    0.000058
    0.000064
    0.000071
    0.000078
    0.000084
    0.000090
    0.000097
    0.000103
    0.000109
    0.000115
    0.000121
    0.000126
    0.000132
    0.000137
    0.000143
    0.000148
    0.000153
    0.000158
    0.000163
    0.000167
    0.000172
    0.000176
    0.000180
    0.000184
    0.000188
    0.000192
    0.000195
    0.000198
    0.000202
    0.000204
    0.000207
    0.000210
    0.000212
    0.000214
    0.000216
    0.000218
    0.000220
    0.000221
    0.000222
    0.000223
    0.000224
    0.000225
    0.000225
    0.000225
    0.000009
    0.000016
    0.000022
    0.000028
    0.000035
    0.000041
    0.000047
    0.000053
    0.000060
    0.000066
    0.000072
    0.000078
    0.000084
    0.000089
    0.000095
    0.000101
    0.000106
    0.000112
    0.000117
    0.000122
    0.000127
    0.000132
    0.000137
    0.000142
    0.000146
    0.000151
    0.000155
    0.000159
    0.000163
    0.000167
    0.000171
    0.000174
    0.000177
    0.000181
    0.000184
    0.000187
    0.000189
    0.000192
    0.000194
    0.000196
    0.000198
    0.000200
    0.000202
    0.000203
    0.000205
    0.000206
    0.000207
    0.000208
    0.000208
    0.000208
    0.000209
    0.000009
    0.000015
    0.000020
    0.000026
    0.000032
    0.000038
    0.000044
    0.000049
    0.000055
    0.000061
    0.000066
    0.000072
    0.000077
    0.000083
    0.000088
    0.000093
    0.000098
    0.000103
    0.000108
    0.000113
    0.000118
    0.000122
    0.000127
    0.000131
    0.000135
    0.000139
    0.000143
    0.000147
    0.000151
    0.000154
    0.000158
    0.000161
    0.000164
    0.000167
    0.000170
    0.000173
    0.000175
    0.000178
    0.000180
    0.000182
    0.000184
    0.000185
    0.000187
    0.000188
    0.000190
    0.000191
    0.000192
    0.000192
    0.000193
    0.000193
    0.000193
    0.000008
    0.000013
    0.000019
    0.000024
    0.000030
    0.000035
    0.000040
    0.000046
    0.000051
    0.000056
    0.000061
    0.000066
    0.000071
    0.000076
    0.000081
    0.000086
    0.000091
    0.000095
    0.000100
    0.000104
    0.000109
    0.000113
    0.000117
    0.000121
    0.000125
    0.000129
    0.000133
    0.000136
    0.000140
    0.000143
    0.000146
    0.000149
    0.000152
    0.000155
    0.000158
    0.000160
    0.000162
    0.000165
    0.000167
    0.000168
    0.000170
    0.000172
    0.000173
    0.000174
    0.000176
    0.000177
    0.000177
    0.000178
    0.000179
    0.000179
    0.000179
    0.000007
    0.000012
    0.000017
    0.000022
    0.000027
    0.000032
    0.000037
    0.000042
    0.000047
    0.000052
    0.000057
    0.000061
    0.000066
    0.000071
    0.000075
    0.000080
    0.000084
    0.000088
    0.000092
    0.000097
    0.000101
    0.000105
    0.000108
    0.000112
    0.000116
    0.000119
    0.000123
    0.000126
    0.000129
    0.000132
    0.000135
    0.000138
    0.000141
    0.000143
    0.000146
    0.000148
    0.000150
    0.000152
    0.000154
    0.000156
    0.000158
    0.000159
    0.000160
    0.000162
    0.000163
    0.000164
    0.000164
    0.000165
    0.000165
    0.000166
    0.000166
    0.000007
    0.000012
    0.000016
    0.000021
    0.000025
    0.000030
    0.000035
    0.000039
    0.000044
    0.000048
    0.000052
    0.000057
    0.000061
    0.000065
    0.000070
    0.000074
    0.000078
    0.000082
    0.000086
    0.000089
    0.000093
    0.000097
    0.000100
    0.000104
    0.000107
    0.000110
    0.000114
    0.000117
    0.000120
    0.000122
    0.000125
    0.000128
    0.000130
    0.000133
    0.000135
    0.000137
    0.000139
    0.000141
    0.000143
    0.000144
    0.000146
    0.000147
    0.000149
    0.000150
    0.000151
    0.000151
    0.000152
    0.000153
    0.000153
    0.000153
    0.000154
    0.000006
    0.000011
    0.000015
    0.000019
    0.000023
    0.000028
    0.000032
    0.000036
    0.000040
    0.000044
    0.000049
    0.000053
    0.000057
    0.000060
    0.000064
    0.000068
    0.000072
    0.000076
    0.000079
    0.000083
    0.000086
    0.000090
    0.000093
    0.000096
    0.000099
    0.000102
    0.000105
    0.000108
    0.000111
    0.000113
    0.000116
    0.000118
    0.000121
    0.000123
    0.000125
    0.000127
    0.000129
    0.000131
    0.000132
    0.000134
    0.000135
    0.000136
    0.000138
    0.000139
    0.000139
    0.000140
    0.000141
    0.000141
    0.000142
    0.000142
    0.000142
    0.000006
    0.000010
    0.000014
    0.000018
    0.000022
    0.000026
    0.000030
    0.000033
    0.000037
    0.000041
    0.000045
    0.000049
    0.000052
    0.000056
    0.000060
    0.000063
    0.000067
    0.000070
    0.000073
    0.000077
    0.000080
    0.000083
    0.000086
    0.000089
    0.000092
    0.000095
    0.000097
    0.000100
    0.000102
    0.000105
    0.000107
    0.000110
    0.000112
    0.000114
    0.000116
    0.000118
    0.000119
    0.000121
    0.000122
    0.000124
    0.000125
    0.000126
    0.000127
    0.000128
    0.000129
    0.000130
    0.000130
    0.000131
    0.000131
    0.000131
    0.000132
