    1.112589
    0.004832
    0.783534
    0.707459
    0.212306
   -0.394154
   -0.791267
   -0.785381
   -0.387699
    0.191291
    0.658328
    0.787473
    0.519837
    0.005021
   -0.499517
   -0.746187
   -0.614555
   -0.186388
    0.323698
    0.668637
    0.673361
    0.343894
   -0.145400
   -0.559501
   -0.696646
   -0.480051
   -0.020273
    0.441956
    0.677012
    0.574443
    0.181529
   -0.310688
   -0.646162
   -0.640621
   -0.295566
    0.199077
    0.577009
    0.643972
    0.375508
   -0.078783
   -0.477661
   -0.614878
   -0.427166
   -0.025658
    0.368662
    0.549379
    0.436137
    0.109565
   -0.245053
   -0.445589
   -0.407429
   -0.175119
    0.116641
    0.321767
    0.355086
    0.223583
    0.008808
   -0.182202
   -0.268863
   -0.227881
   -0.093565
    0.066399
    0.184496
    0.220523
    0.172731
    0.071861
   -0.036038
   -0.109220
   -0.124574
   -0.082616
   -0.003340
    0.083744
    0.150853
    0.180518
    0.169296
    0.126485
    0.069223
    0.016185
   -0.018030
   -0.026359
   -0.010064
    0.022833
    0.060616
    0.091347
    0.105830
    0.099457
    0.072710
    0.030475
   -0.019460
   -0.068263
   -0.107815
   -0.132056
   -0.137770
   -0.124755
   -0.095510
   -0.054572
   -0.007688
    0.039019
    0.079792
    0.109838
    0.125744
