    1.284297
    0.437342
    0.084401
   -0.493944
   -0.834385
   -0.758005
   -0.308594
    0.278884
    0.715326
    0.784500
    0.466997
   -0.073422
   -0.568680
   -0.768968
   -0.590348
   -0.122818
    0.404307
    0.719028
    0.673618
    0.298527
   -0.230226
   -0.644716
   -0.724013
   -0.434875
    0.067541
    0.536210
    0.736128
    0.552411
    0.073002
   -0.441379
   -0.709812
   -0.596755
   -0.177761
    0.316886
    0.629562
    0.605743
    0.269677
   -0.191349
   -0.530043
   -0.575102
   -0.321555
    0.076671
    0.402506
    0.497547
    0.338608
    0.032827
   -0.254142
   -0.388484
   -0.327917
   -0.126864
    0.104902
    0.261332
    0.286185
    0.188298
    0.026042
   -0.125749
   -0.208820
   -0.201225
   -0.118972
   -0.003016
    0.100245
    0.156427
    0.152842
    0.098818
    0.018658
   -0.058810
   -0.110003
   -0.122784
   -0.098030
   -0.047113
    0.013070
    0.065601
    0.097993
    0.104622
    0.086984
    0.052174
    0.010332
   -0.028116
   -0.054757
   -0.064627
   -0.056665
   -0.033292
    0.000590
    0.038883
    0.075537
    0.105549
    0.125581
    0.134187
    0.131685
    0.119779
    0.101048
    0.078418
    0.054679
    0.032145
    0.012444
   -0.003540
   -0.015591
   -0.024017
   -0.029431
   -0.032534
   -0.033918
