    0.982830
    0.006282
    0.772198
    0.728018
    0.260675
   -0.352674
   -0.786893
   -0.827761
   -0.451571
    0.158089
    0.677358
    0.856699
    0.595492
    0.016644
   -0.557691
   -0.834212
   -0.685585
   -0.175254
    0.431694
    0.790593
    0.709139
    0.262275
   -0.289657
   -0.662135
   -0.679965
   -0.351134
    0.139257
    0.527103
    0.616537
    0.385967
   -0.014293
   -0.362986
   -0.494905
   -0.377128
   -0.102420
    0.179127
    0.341536
    0.334883
    0.190943
   -0.008020
   -0.174023
   -0.249387
   -0.221961
   -0.119325
    0.010039
    0.118171
    0.173492
    0.167283
    0.111294
    0.029697
   -0.050625
   -0.108135
   -0.131245
   -0.119155
   -0.079740
   -0.025830
    0.028768
    0.072500
    0.098018
    0.102780
    0.088535
    0.060103
    0.023880
   -0.013566
   -0.046592
   -0.071150
   -0.085041
   -0.087827
   -0.080504
   -0.065062
   -0.044018
   -0.020000
    0.004566
    0.027677
    0.047856
    0.064173
    0.076202
    0.083940
    0.087698
    0.087996
    0.085474
    0.080804
    0.074636
    0.067551
    0.060045
    0.052513
    0.045253
    0.038476
    0.032311
    0.026827
    0.022045
    0.017946
    0.014492
    0.011627
    0.009290
    0.007420
    0.005959
    0.004855
    0.004066
    0.003558
    0.003310
