   -1.613872
   -0.315319
   -0.623930
   -0.181389
    0.406905
    0.803540
    0.801462
    0.398719
   -0.196137
   -0.696896
   -0.838230
   -0.554518
    0.004681
    0.571128
    0.838869
    0.662865
    0.154496
   -0.428019
   -0.793925
   -0.736423
   -0.278781
    0.313104
    0.708704
    0.715156
    0.357652
   -0.161870
   -0.572967
   -0.669728
   -0.416906
    0.032964
    0.430781
    0.575348
    0.419194
    0.075840
   -0.262219
   -0.433959
   -0.383923
   -0.169313
    0.088410
    0.271111
    0.314787
    0.225143
    0.060305
   -0.103587
   -0.205541
   -0.219055
   -0.154097
   -0.045662
    0.063494
    0.138466
    0.161491
    0.133684
    0.070679
   -0.004879
   -0.071002
   -0.112024
   -0.121264
   -0.100818
   -0.059267
   -0.008416
    0.039922
    0.076397
    0.095496
    0.095831
    0.079566
    0.051325
    0.016912
   -0.017859
   -0.048063
   -0.070212
   -0.082445
   -0.084443
   -0.077142
   -0.062354
   -0.042359
   -0.019550
    0.003854
    0.025998
    0.045494
    0.061445
    0.073410
    0.081338
    0.085479
    0.086284
    0.084328
    0.080228
    0.074594
    0.067981
    0.060870
    0.053656
    0.046645
    0.040060
    0.034052
    0.028712
    0.024084
    0.020180
    0.016988
    0.014483
    0.012638
    0.011424
    0.010823
