    1.260012
    0.438453
    0.092106
   -0.480424
   -0.823373
   -0.759032
   -0.321989
    0.262785
    0.705833
    0.795064
    0.485498
   -0.054954
   -0.564959
   -0.791474
   -0.614357
   -0.136381
    0.407468
    0.752498
    0.708730
    0.297658
   -0.256209
   -0.675150
   -0.753463
   -0.439270
    0.112698
    0.600098
    0.754196
    0.504493
    0.003808
   -0.475755
   -0.690264
   -0.541442
   -0.120443
    0.342433
    0.602888
    0.536218
    0.200191
   -0.209068
   -0.475558
   -0.480471
   -0.251926
    0.069938
    0.319770
    0.391397
    0.277964
    0.057420
   -0.158087
   -0.277764
   -0.266810
   -0.149998
    0.010008
    0.144807
    0.207617
    0.186441
    0.101543
   -0.008064
   -0.101693
   -0.150874
   -0.146208
   -0.096647
   -0.023250
    0.049353
    0.100710
    0.119459
    0.104709
    0.064357
    0.011480
   -0.039783
   -0.077769
   -0.095507
   -0.091416
   -0.068694
   -0.033817
    0.005310
    0.041112
    0.067670
    0.081476
    0.081607
    0.069424
    0.047957
    0.021165
   -0.006804
   -0.032209
   -0.052131
   -0.064694
   -0.069089
   -0.065460
   -0.054708
   -0.038241
   -0.017721
    0.005147
    0.028787
    0.051870
    0.073366
    0.092563
    0.109037
    0.122598
    0.133232
    0.141034
    0.146132
    0.148645
