   -1.060183
    0.023095
   -0.493047
   -0.423796
   -0.092263
    0.172032
    0.281453
    0.287394
    0.246132
    0.191615
    0.140262
    0.098254
    0.066559
    0.043903
    0.028333
    0.017953
    0.011198
    0.006890
    0.004189
    0.002520
    0.001502
    0.000887
    0.000520
    0.000303
    0.000175
    0.000101
    0.000058
    0.000033
    0.000019
    0.000010
    0.000006
    0.000003
    0.000002
    0.000001
    0.000001
    0.000000
    0.000000
    0.000000
    0.000000
    0.000000
    0.000000
    0.000000
    0.000000
    0.000000
    0.000000
    0.000000
    0.000000
    0.000000
    0.000000
    0.000000
    0.000000
    0.000000
    0.000000
    0.000000
    0.000000
    0.000000
    0.000000
    0.000000
    0.000000
    0.000000
    0.000000
    0.000000
    0.000000
    0.000000
    0.000000
    0.000000
    0.000000
    0.000000
    0.000000
    0.000000
    0.000000
    0.000000
    0.000000
    0.000000
    0.000000
    0.000000
    0.000000
    0.000000
    0.000000
    0.000000
    0.000000
    0.000000
    0.000000
    0.000000
    0.000000
    0.000000
    0.000000
    0.000000
    0.000000
    0.000000
    0.000000
    0.000000
    0.000000
    0.000000
    0.000000
    0.000000
    0.000000
    0.000000
    0.000000
    0.000000
    0.000000
