   -0.570353
    0.330500
   -0.331132
   -0.557818
   -0.427801
   -0.122870
    0.119054
    0.238743
    0.266235
    0.243021
    0.199282
    0.152533
    0.111161
    0.078050
    0.053207
    0.035405
    0.023086
    0.014796
    0.009341
    0.005820
    0.003584
    0.002184
    0.001319
    0.000789
    0.000469
    0.000276
    0.000162
    0.000094
    0.000055
    0.000031
    0.000018
    0.000010
    0.000006
    0.000003
    0.000002
    0.000001
    0.000001
    0.000000
    0.000000
    0.000000
    0.000000
    0.000000
    0.000000
    0.000000
    0.000000
    0.000000
    0.000000
    0.000000
    0.000000
    0.000000
    0.000000
    0.000000
    0.000000
    0.000000
    0.000000
    0.000000
    0.000000
    0.000000
    0.000000
    0.000000
    0.000000
    0.000000
    0.000000
    0.000000
    0.000000
    0.000000
    0.000000
    0.000000
    0.000000
    0.000000
    0.000000
    0.000000
    0.000000
    0.000000
    0.000000
    0.000000
    0.000000
    0.000000
    0.000000
    0.000000
    0.000000
    0.000000
    0.000000
    0.000000
    0.000000
    0.000000
    0.000000
    0.000000
    0.000000
    0.000000
    0.000000
    0.000000
    0.000000
    0.000000
    0.000000
    0.000000
    0.000000
    0.000000
    0.000000
    0.000000
    0.000000
