   -0.149099
   -0.307673
    0.467435
    0.828674
    0.745986
    0.287283
   -0.304312
   -0.739748
   -0.801653
   -0.464183
    0.096829
    0.612443
    0.813063
    0.602702
    0.095675
   -0.467438
   -0.792144
   -0.699448
   -0.252095
    0.316283
    0.726523
    0.759877
    0.383960
   -0.194038
   -0.648467
   -0.741178
   -0.446593
    0.061268
    0.513635
    0.682186
    0.491860
    0.058340
   -0.377974
   -0.588890
   -0.483455
   -0.145879
    0.228513
    0.450007
    0.430979
    0.213576
   -0.072721
   -0.287928
   -0.347908
   -0.251260
   -0.063641
    0.123418
    0.235338
    0.240765
    0.154795
    0.023698
   -0.098449
   -0.170545
   -0.175946
   -0.123005
   -0.037271
    0.050009
    0.112532
    0.135694
    0.118431
    0.070852
    0.009369
   -0.048746
   -0.089809
   -0.106327
   -0.097551
   -0.068369
   -0.027208
    0.016373
    0.053791
    0.078892
    0.088632
    0.083033
    0.064606
    0.037483
    0.006474
   -0.023785
   -0.049451
   -0.067847
   -0.077588
   -0.078498
   -0.071389
   -0.057771
   -0.039539
   -0.018695
    0.002881
    0.023590
    0.042205
    0.057899
    0.070234
    0.079112
    0.084707
    0.087392
    0.087669
    0.086106
    0.083283
    0.079754
    0.076021
    0.072512
    0.069576
    0.067473
    0.066378
