   -1.115452
   -0.004563
   -0.780143
   -0.703709
   -0.210046
    0.391538
    0.786889
    0.780972
    0.387289
   -0.185936
   -0.653702
   -0.782360
   -0.523457
   -0.012550
    0.494867
    0.742279
    0.621707
    0.198181
   -0.321272
   -0.670085
   -0.680423
   -0.359227
    0.140574
    0.573012
    0.710731
    0.485143
    0.020633
   -0.450381
   -0.697517
   -0.589498
   -0.170456
    0.340933
    0.666719
    0.633515
    0.269266
   -0.223219
   -0.583725
   -0.630592
   -0.349772
    0.102067
    0.482532
    0.594704
    0.392739
    0.000817
   -0.363913
   -0.515326
   -0.395068
   -0.090304
    0.228079
    0.402911
    0.367320
    0.164474
   -0.089747
   -0.272567
   -0.311872
   -0.210241
   -0.031130
    0.138981
    0.231069
    0.218988
    0.122446
   -0.008897
   -0.119900
   -0.171693
   -0.153115
   -0.079838
    0.015856
    0.099067
    0.144430
    0.142783
    0.101336
    0.038677
   -0.022764
   -0.063965
   -0.074228
   -0.052836
   -0.007656
    0.048273
    0.100874
    0.138658
    0.155054
    0.149131
    0.124877
    0.089503
    0.051343
    0.017908
   -0.005542
   -0.016689
   -0.016134
   -0.006805
    0.006989
    0.020607
    0.030027
    0.032528
    0.027051
    0.014230
   -0.003872
   -0.024234
   -0.043453
   -0.058344
   -0.066454
