   -1.639022
   -0.313319
   -0.608236
   -0.159172
    0.419517
    0.796633
    0.775055
    0.376078
   -0.204898
   -0.674978
   -0.802938
   -0.535796
    0.003447
    0.534876
    0.791285
    0.655966
    0.183049
   -0.388772
   -0.750694
   -0.724452
   -0.334211
    0.230797
    0.681997
    0.767448
    0.437414
   -0.114815
   -0.581890
   -0.725447
   -0.490719
   -0.015995
    0.445554
    0.655888
    0.516662
    0.119778
   -0.310176
   -0.547392
   -0.488062
   -0.193384
    0.162938
    0.399657
    0.419977
    0.244977
   -0.016894
   -0.235894
   -0.323430
   -0.262979
   -0.103010
    0.076065
    0.200747
    0.231875
    0.172598
    0.058607
   -0.061328
   -0.145065
   -0.170068
   -0.136906
   -0.064466
    0.019535
    0.088617
    0.125012
    0.122992
    0.088123
    0.033644
   -0.024355
   -0.071444
   -0.097977
   -0.100421
   -0.081020
   -0.046256
   -0.004738
    0.034879
    0.065564
    0.082894
    0.085366
    0.074114
    0.052256
    0.024037
   -0.006009
   -0.033755
   -0.055975
   -0.070593
   -0.076722
   -0.074541
   -0.065064
   -0.049854
   -0.030751
   -0.009616
    0.011855
    0.032261
    0.050564
    0.066106
    0.078583
    0.087994
    0.094577
    0.098730
    0.100957
    0.101787
    0.101737
    0.101264
    0.100733
    0.100401
