   -1.374210
   -0.440720
   -0.133575
    0.467545
    0.859720
    0.823268
    0.372347
   -0.273635
   -0.768659
   -0.874274
   -0.524333
    0.105505
    0.660587
    0.866115
    0.626543
    0.049685
   -0.546935
   -0.820325
   -0.643418
   -0.151688
    0.381499
    0.691617
    0.635910
    0.259769
   -0.224115
   -0.555402
   -0.575741
   -0.308542
    0.076215
    0.374343
    0.457892
    0.323530
    0.068403
   -0.176088
   -0.309805
   -0.299052
   -0.174676
   -0.004558
    0.140955
    0.215245
    0.206036
    0.131238
    0.025875
   -0.072940
   -0.137637
   -0.155864
   -0.130314
   -0.074496
   -0.006775
    0.055223
    0.098550
    0.116759
    0.109790
    0.082529
    0.042730
   -0.001071
   -0.041251
   -0.072174
   -0.090640
   -0.095813
   -0.088789
   -0.071994
   -0.048540
   -0.021672
    0.005664
    0.031083
    0.052890
    0.070081
    0.082274
    0.089582
    0.092475
    0.091645
    0.087882
    0.081989
    0.074707
    0.066680
    0.058433
    0.050365
    0.042764
    0.035813
    0.029613
    0.024199
    0.019558
    0.015645
    0.012394
    0.009729
    0.007571
    0.005844
    0.004476
    0.003403
    0.002569
    0.001927
    0.001437
    0.001067
    0.000789
    0.000584
    0.000434
    0.000327
    0.000255
    0.000210
    0.000188
