    0.965934
    0.009267
    0.800730
    0.762178
    0.271546
   -0.371426
   -0.833033
   -0.858443
   -0.450011
    0.195204
    0.739088
    0.877243
    0.564152
   -0.033472
   -0.617357
   -0.857454
   -0.619985
   -0.071277
    0.470393
    0.737143
    0.620183
    0.198366
   -0.299614
   -0.611121
   -0.586521
   -0.269268
    0.145925
    0.439127
    0.485750
    0.302879
    0.012599
   -0.238023
   -0.349189
   -0.300867
   -0.142190
    0.045061
    0.186088
    0.239170
    0.202391
    0.104460
   -0.012338
   -0.108890
   -0.160371
   -0.160024
   -0.116666
   -0.048566
    0.023507
    0.081993
    0.115906
    0.121757
    0.102535
    0.065578
    0.020121
   -0.024869
   -0.062218
   -0.087335
   -0.098336
   -0.095690
   -0.081583
   -0.059199
   -0.032050
   -0.003457
    0.023807
    0.047698
    0.066941
    0.080963
    0.089768
    0.093786
    0.093714
    0.090385
    0.084661
    0.077347
    0.069149
    0.060645
    0.052279
    0.044370
    0.037125
    0.030657
    0.025010
    0.020174
    0.016101
    0.012724
    0.009961
    0.007729
    0.005947
    0.004540
    0.003439
    0.002587
    0.001932
    0.001434
    0.001057
    0.000775
    0.000565
    0.000410
    0.000297
    0.000215
    0.000156
    0.000115
    0.000088
    0.000071
    0.000063
