    1.719288
    0.312736
    0.619615
    0.151303
   -0.448269
   -0.825005
   -0.784665
   -0.352982
    0.243161
    0.702170
    0.798616
    0.492428
   -0.048574
   -0.552561
   -0.766549
   -0.593057
   -0.133227
    0.383050
    0.695041
    0.653015
    0.293953
   -0.202858
   -0.591917
   -0.676766
   -0.425844
    0.026015
    0.460961
    0.666894
    0.535341
    0.133965
   -0.327435
   -0.618885
   -0.602053
   -0.283879
    0.183204
    0.561539
    0.647879
    0.392614
   -0.066200
   -0.481611
   -0.636246
   -0.456385
   -0.044294
    0.380122
    0.595581
    0.495339
    0.142416
   -0.267439
   -0.515549
   -0.480041
   -0.196761
    0.170575
    0.427880
    0.455692
    0.263527
   -0.029598
   -0.268409
   -0.342887
   -0.235549
   -0.016645
    0.201715
    0.323448
    0.309382
    0.185573
    0.021431
   -0.107008
   -0.150097
   -0.100729
    0.009692
    0.129900
    0.211781
    0.228027
    0.178842
    0.087373
   -0.012193
   -0.088244
   -0.121974
   -0.111437
   -0.069314
   -0.016336
    0.026682
    0.045445
    0.035649
    0.002876
   -0.040407
   -0.079349
   -0.101232
   -0.098761
   -0.071488
   -0.025331
    0.029395
    0.080720
    0.117801
    0.133129
    0.123811
    0.091811
    0.043260
   -0.012901
   -0.066635
   -0.108556
   -0.131463
