    1.688882
    0.318044
    0.664886
    0.202836
   -0.426730
   -0.859384
   -0.851348
   -0.405841
    0.241727
    0.771526
    0.882982
    0.529861
   -0.081337
   -0.650041
   -0.869426
   -0.605871
   -0.030708
    0.515674
    0.758776
    0.608190
    0.163598
   -0.338256
   -0.636603
   -0.588224
   -0.246570
    0.182115
    0.470775
    0.497176
    0.289313
   -0.017814
   -0.269547
   -0.367181
   -0.298620
   -0.122821
    0.071562
    0.208234
    0.248878
    0.197491
    0.088406
   -0.032739
   -0.126424
   -0.169836
   -0.159455
   -0.107307
   -0.033905
    0.039107
    0.094579
    0.122827
    0.122028
    0.096736
    0.055431
    0.007921
   -0.036798
   -0.071946
   -0.093575
   -0.100522
   -0.093912
   -0.076437
   -0.051595
   -0.023026
    0.005980
    0.032796
    0.055585
    0.073303
    0.085596
    0.092656
    0.095051
    0.093577
    0.089116
    0.082545
    0.074658
    0.066132
    0.057503
    0.049172
    0.041416
    0.034401
    0.028210
    0.022860
    0.018320
    0.014530
    0.011412
    0.008881
    0.006851
    0.005242
    0.003979
    0.002998
    0.002243
    0.001666
    0.001230
    0.000902
    0.000658
    0.000477
    0.000344
    0.000247
    0.000177
    0.000127
    0.000091
    0.000067
    0.000050
    0.000040
    0.000035
