   -0.300356
   -0.305258
    0.467744
    0.869432
    0.802712
    0.326824
   -0.322391
   -0.802105
   -0.866336
   -0.490325
    0.150918
    0.701463
    0.871368
    0.597165
    0.009985
   -0.583366
   -0.840817
   -0.632368
   -0.111839
    0.425552
    0.714865
    0.629511
    0.230411
   -0.261579
   -0.584020
   -0.582335
   -0.289948
    0.110569
    0.406935
    0.472642
    0.314304
    0.041378
   -0.206824
   -0.330028
   -0.300999
   -0.159493
    0.019643
    0.163607
    0.227915
    0.205225
    0.118760
    0.007252
   -0.091000
   -0.149587
   -0.158804
   -0.124346
   -0.062137
    0.008155
    0.068815
    0.107769
    0.119980
    0.106892
    0.074640
    0.031769
   -0.012910
   -0.051940
   -0.080166
   -0.095022
   -0.096320
   -0.085712
   -0.066020
   -0.040583
   -0.012705
    0.014734
    0.039507
    0.060119
    0.075780
    0.086303
    0.091963
    0.093351
    0.091236
    0.086450
    0.079801
    0.072018
    0.063713
    0.055374
    0.047360
    0.039917
    0.033195
    0.027263
    0.022135
    0.017778
    0.014134
    0.011131
    0.008687
    0.006722
    0.005160
    0.003930
    0.002972
    0.002232
    0.001665
    0.001234
    0.000910
    0.000668
    0.000489
    0.000358
    0.000263
    0.000196
    0.000151
    0.000123
    0.000110
