    1.659652
    0.312678
    0.605357
    0.151556
   -0.428646
   -0.798063
   -0.770819
   -0.362989
    0.211349
    0.674103
    0.793531
    0.518461
   -0.005658
   -0.527949
   -0.779011
   -0.636279
   -0.182642
    0.366767
    0.734150
    0.718134
    0.334771
   -0.210382
   -0.648952
   -0.758551
   -0.467822
    0.074809
    0.568452
    0.744446
    0.523566
    0.042057
   -0.439648
   -0.675290
   -0.553647
   -0.151838
    0.308025
    0.581873
    0.538159
    0.223625
   -0.176069
   -0.449580
   -0.474252
   -0.267800
    0.040873
    0.292484
    0.378932
    0.285142
    0.079325
   -0.132720
   -0.260598
   -0.264601
   -0.162274
   -0.010232
    0.125629
    0.197026
    0.187713
    0.113070
    0.008524
   -0.086429
   -0.142101
   -0.146301
   -0.104807
   -0.036216
    0.035943
    0.090864
    0.115717
    0.107648
    0.072704
    0.022708
   -0.028646
   -0.069357
   -0.091545
   -0.092455
   -0.074153
   -0.042261
   -0.004227
    0.032400
    0.061375
    0.078636
    0.082612
    0.074052
    0.055511
    0.030652
    0.003529
   -0.022037
   -0.042917
   -0.056942
   -0.062986
   -0.060898
   -0.051337
   -0.035540
   -0.015085
    0.008329
    0.033059
    0.057647
    0.080890
    0.101870
    0.119938
    0.134676
    0.145844
    0.153325
    0.157070
