    0.157326
    0.305480
   -0.492892
   -0.857409
   -0.753357
   -0.267405
    0.342897
    0.765979
    0.795318
    0.427172
   -0.145322
   -0.627497
   -0.786235
   -0.548113
   -0.044475
    0.464890
    0.733589
    0.630225
    0.217222
   -0.288607
   -0.643469
   -0.674695
   -0.367770
    0.112513
    0.525839
    0.678340
    0.494326
    0.060119
   -0.401053
   -0.652680
   -0.575738
   -0.214337
    0.255900
    0.601826
    0.639936
    0.341835
   -0.136146
   -0.536666
   -0.648027
   -0.418943
    0.021507
    0.438783
    0.616996
    0.469865
    0.083805
   -0.330428
   -0.553566
   -0.477055
   -0.157512
    0.223061
    0.463877
    0.453881
    0.221647
   -0.094243
   -0.328659
   -0.376065
   -0.234596
    0.007533
    0.227063
    0.328478
    0.283421
    0.132838
   -0.042220
   -0.162166
   -0.182384
   -0.106025
    0.025169
    0.153884
    0.232159
    0.238101
    0.179666
    0.086694
   -0.003521
   -0.060650
   -0.070700
   -0.038109
    0.018676
    0.075409
    0.110687
    0.112228
    0.079336
    0.021563
   -0.045334
   -0.104470
   -0.142382
   -0.151923
   -0.133097
   -0.092031
   -0.038691
    0.015831
    0.061781
    0.092422
    0.104750
    0.099319
    0.079418
    0.049944
    0.016282
   -0.016573
   -0.044554
   -0.064724
   -0.075242
