   -0.216081
   -0.307408
    0.458852
    0.837396
    0.769593
    0.312901
   -0.300640
   -0.756612
   -0.836733
   -0.486784
    0.106804
    0.640972
    0.855836
    0.620839
    0.061515
   -0.513831
   -0.821731
   -0.706956
   -0.212302
    0.393634
    0.765712
    0.712809
    0.295577
   -0.246023
   -0.633114
   -0.679029
   -0.375691
    0.102696
    0.495797
    0.604841
    0.399216
    0.017134
   -0.329330
   -0.475842
   -0.381416
   -0.126586
    0.148060
    0.318672
    0.329936
    0.204398
    0.016165
   -0.150385
   -0.235876
   -0.222835
   -0.132705
   -0.009562
    0.100014
    0.162895
    0.166998
    0.120377
    0.044427
   -0.035154
   -0.096392
   -0.126091
   -0.121347
   -0.088087
   -0.037813
    0.016181
    0.062091
    0.091760
    0.101570
    0.092199
    0.067611
    0.033680
   -0.003199
   -0.037242
   -0.064046
   -0.080937
   -0.086989
   -0.082763
   -0.069920
   -0.050772
   -0.027867
   -0.003650
    0.019776
    0.040792
    0.058303
    0.071725
    0.080910
    0.086055
    0.087600
    0.086130
    0.082294
    0.076739
    0.070061
    0.062781
    0.055323
    0.048021
    0.041114
    0.034764
    0.029064
    0.024054
    0.019736
    0.016081
    0.013046
    0.010578
    0.008623
    0.007128
    0.006049
    0.005351
    0.005007
