   -1.322199
   -0.436989
   -0.086988
    0.500964
    0.848248
    0.769353
    0.308618
   -0.292132
   -0.731997
   -0.793718
   -0.458957
    0.093718
    0.586615
    0.771966
    0.572355
    0.095111
   -0.419476
   -0.710097
   -0.645563
   -0.266836
    0.240639
    0.618205
    0.680299
    0.410127
   -0.058897
   -0.500450
   -0.687960
   -0.523733
   -0.099360
    0.368080
    0.651027
    0.608154
    0.251502
   -0.241244
   -0.608064
   -0.650334
   -0.349398
    0.127028
    0.524205
    0.638289
    0.418692
   -0.010970
   -0.420481
   -0.595868
   -0.453639
   -0.082818
    0.309772
    0.517881
    0.447221
    0.157056
   -0.185386
   -0.403337
   -0.402180
   -0.206790
    0.066778
    0.280529
    0.343529
    0.247229
    0.056479
   -0.131391
   -0.234732
   -0.220208
   -0.108791
    0.042109
    0.168138
    0.224757
    0.201202
    0.118815
    0.017605
   -0.061555
   -0.091724
   -0.067036
   -0.001288
    0.079816
    0.148902
    0.185810
    0.182630
    0.144084
    0.084095
    0.020314
   -0.031398
   -0.060996
   -0.065961
   -0.050683
   -0.024163
    0.003079
    0.021941
    0.026853
    0.016691
   -0.005491
   -0.033658
   -0.060490
   -0.079144
   -0.084708
   -0.075111
   -0.051379
   -0.017298
    0.021409
    0.058180
    0.086786
    0.102401
