    1.264972
    0.439983
    0.108411
   -0.464494
   -0.822978
   -0.773793
   -0.346930
    0.250867
    0.713169
    0.820055
    0.515250
   -0.052896
   -0.584388
   -0.823812
   -0.646021
   -0.126396
    0.451792
    0.786166
    0.720812
    0.283578
   -0.309966
   -0.734130
   -0.750974
   -0.367948
    0.185931
    0.613742
    0.706972
    0.435711
   -0.045334
   -0.477882
   -0.638554
   -0.460506
   -0.062689
    0.329807
    0.518575
    0.433890
    0.152494
   -0.164242
   -0.363835
   -0.373610
   -0.219126
    0.006604
    0.197202
    0.280597
    0.241398
    0.115070
   -0.036533
   -0.153905
   -0.200978
   -0.172817
   -0.090705
    0.010407
    0.095931
    0.142264
    0.141569
    0.100803
    0.036760
   -0.030456
   -0.083319
   -0.110780
   -0.109644
   -0.083780
   -0.041866
    0.005424
    0.048015
    0.078329
    0.092250
    0.089213
    0.071617
    0.043847
    0.011179
   -0.021210
   -0.048988
   -0.069112
   -0.079992
   -0.081390
   -0.074182
   -0.060022
   -0.040988
   -0.019265
    0.003103
    0.024395
    0.043300
    0.058951
    0.070899
    0.079059
    0.083627
    0.085002
    0.083705
    0.080315
    0.075412
    0.069541
    0.063185
    0.056754
    0.050581
    0.044928
    0.039989
    0.035906
    0.032773
    0.030655
    0.029587
