   -1.679973
   -0.312302
   -0.605275
   -0.146582
    0.436445
    0.803256
    0.768050
    0.356179
   -0.222443
   -0.674668
   -0.788306
   -0.507548
    0.017729
    0.522756
    0.768106
    0.625293
    0.171082
   -0.358293
   -0.710526
   -0.707699
   -0.338621
    0.201259
    0.629107
    0.737413
    0.473675
   -0.039344
   -0.537907
   -0.747990
   -0.554488
   -0.073157
    0.428187
    0.687504
    0.582512
    0.182152
   -0.295989
   -0.600478
   -0.579281
   -0.259739
    0.172807
    0.484992
    0.525795
    0.300086
   -0.050886
   -0.339541
   -0.433473
   -0.313068
   -0.063374
    0.183421
    0.317205
    0.295824
    0.151430
   -0.036989
   -0.185488
   -0.240494
   -0.194469
   -0.080120
    0.049677
    0.145292
    0.177641
    0.144531
    0.066367
   -0.024869
   -0.098135
   -0.132951
   -0.123754
   -0.078853
   -0.015541
    0.046373
    0.090413
    0.107214
    0.095699
    0.061923
    0.016403
   -0.029087
   -0.064373
   -0.082831
   -0.082181
   -0.064224
   -0.033808
    0.002605
    0.038388
    0.067956
    0.087538
    0.095507
    0.092273
    0.079885
    0.061449
    0.040509
    0.020482
    0.004220
   -0.006271
   -0.009955
   -0.006738
    0.002648
    0.016836
    0.034052
    0.052330
    0.069724
    0.084476
    0.095154
    0.100752
