   -1.720108
   -0.312543
   -0.617105
   -0.148163
    0.448915
    0.823362
    0.780629
    0.350255
   -0.242558
   -0.699224
   -0.792945
   -0.491820
    0.047170
    0.547163
    0.760550
    0.595077
    0.136826
   -0.376753
   -0.688652
   -0.658164
   -0.302891
    0.198686
    0.588717
    0.680977
    0.440712
   -0.017829
   -0.468857
   -0.678637
   -0.542517
   -0.138512
    0.330455
    0.635911
    0.621244
    0.283479
   -0.206280
   -0.585893
   -0.651571
   -0.374079
    0.091293
    0.496307
    0.632722
    0.437489
    0.021561
   -0.390967
   -0.583537
   -0.463629
   -0.109347
    0.280363
    0.500434
    0.450449
    0.179225
   -0.155410
   -0.380139
   -0.396163
   -0.219048
    0.044485
    0.261057
    0.337684
    0.258756
    0.080978
   -0.103548
   -0.213395
   -0.210965
   -0.110972
    0.034393
    0.162851
    0.228324
    0.216002
    0.142631
    0.044920
   -0.037204
   -0.075410
   -0.060966
   -0.004590
    0.070197
    0.136692
    0.173914
    0.172151
    0.134111
    0.072218
    0.003610
   -0.055272
   -0.092921
   -0.104899
   -0.093725
   -0.067007
   -0.034628
   -0.005886
    0.012686
    0.018443
    0.012605
   -0.000682
   -0.015829
   -0.027400
   -0.031442
   -0.026310
   -0.012861
    0.005929
    0.025787
    0.042201
    0.051450
