   -1.106763
   -0.005030
   -0.785510
   -0.711343
   -0.214649
    0.393914
    0.795462
    0.788917
    0.390251
   -0.193784
   -0.663964
   -0.790615
   -0.521764
    0.001200
    0.506060
    0.747973
    0.614499
    0.177419
   -0.332673
   -0.666419
   -0.668148
   -0.336443
    0.155837
    0.557616
    0.680435
    0.469011
    0.021855
   -0.435674
   -0.666729
   -0.559891
   -0.177057
    0.292922
    0.619520
    0.631889
    0.313641
   -0.171167
   -0.562006
   -0.650785
   -0.397348
    0.055989
    0.467734
    0.625589
    0.454568
    0.053195
   -0.360916
   -0.569439
   -0.471497
   -0.134363
    0.251311
    0.482287
    0.452556
    0.200679
   -0.125093
   -0.355325
   -0.387571
   -0.228475
    0.024550
    0.243050
    0.332514
    0.270731
    0.106424
   -0.073745
   -0.189043
   -0.198107
   -0.109710
    0.029200
    0.158696
    0.231554
    0.229247
    0.164033
    0.069208
   -0.016526
   -0.063726
   -0.060967
   -0.015861
    0.050488
    0.112418
    0.148537
    0.147690
    0.110803
    0.048886
   -0.021494
   -0.083478
   -0.124323
   -0.137947
   -0.125321
   -0.093025
   -0.050729
   -0.008426
    0.025859
    0.047439
    0.055277
    0.051398
    0.039734
    0.024780
    0.010422
   -0.000815
   -0.008004
   -0.011585
   -0.012792
   -0.012971
