    0.122010
    0.306431
   -0.486321
   -0.841209
   -0.738881
   -0.264190
    0.329533
    0.745544
    0.783015
    0.431358
   -0.121279
   -0.605798
   -0.778922
   -0.564065
   -0.078610
    0.444561
    0.739073
    0.658946
    0.257765
   -0.271565
   -0.669310
   -0.722137
   -0.403828
    0.112028
    0.567392
    0.738672
    0.529359
    0.036930
   -0.474878
   -0.724960
   -0.584647
   -0.143974
    0.353989
    0.650162
    0.600190
    0.242440
   -0.225711
   -0.554697
   -0.578624
   -0.302856
    0.107946
    0.430627
    0.508599
    0.327617
    0.006130
   -0.282594
   -0.404653
   -0.324760
   -0.107247
    0.130513
    0.280625
    0.290949
    0.177688
    0.006059
   -0.145730
   -0.220469
   -0.200573
   -0.107436
    0.013884
    0.115562
    0.164577
    0.151448
    0.089115
    0.004570
   -0.072353
   -0.118814
   -0.124651
   -0.093145
   -0.037711
    0.023615
    0.073852
    0.101370
    0.101953
    0.078602
    0.039621
   -0.004182
   -0.042325
   -0.066866
   -0.073651
   -0.062535
   -0.036759
   -0.001783
    0.036064
    0.070838
    0.097916
    0.114526
    0.119861
    0.114858
    0.101737
    0.083447
    0.063101
    0.043509
    0.026834
    0.014413
    0.006721
    0.003459
    0.003739
    0.006303
    0.009777
    0.012901
    0.014719
