    1.697169
    0.312164
    0.607438
    0.143839
   -0.442069
   -0.809713
   -0.768779
   -0.350824
    0.229671
    0.681829
    0.783768
    0.500348
   -0.027132
   -0.528415
   -0.757510
   -0.614052
   -0.164518
    0.361716
    0.696736
    0.686977
    0.336507
   -0.189283
   -0.616924
   -0.723337
   -0.465092
    0.023769
    0.504717
    0.731008
    0.572432
    0.108139
   -0.406552
   -0.692530
   -0.606997
   -0.210374
    0.279855
    0.607647
    0.609086
    0.295022
   -0.157471
   -0.504251
   -0.569529
   -0.338390
    0.046203
    0.373848
    0.484931
    0.347759
    0.058264
   -0.225794
   -0.371218
   -0.329307
   -0.144893
    0.079950
    0.241481
    0.279943
    0.197230
    0.044923
   -0.105815
   -0.196176
   -0.200298
   -0.129011
   -0.019084
    0.084832
    0.147385
    0.152981
    0.107454
    0.032325
   -0.044824
   -0.099953
   -0.119174
   -0.101065
   -0.054917
    0.003657
    0.058004
    0.094961
    0.107616
    0.095995
    0.065931
    0.026779
   -0.011235
   -0.039369
   -0.051959
   -0.047089
   -0.026386
    0.005828
    0.043720
    0.081180
    0.112864
    0.134897
    0.145211
    0.143521
    0.131035
    0.110011
    0.083254
    0.053660
    0.023851
   -0.004049
   -0.028512
   -0.048580
   -0.063762
   -0.073881
   -0.078926
