   -0.127846
   -0.306014
    0.490139
    0.847206
    0.741296
    0.262815
   -0.336554
   -0.751187
   -0.783875
   -0.427204
    0.131908
    0.608940
    0.777817
    0.556010
    0.065307
   -0.444546
   -0.731544
   -0.650063
   -0.244258
    0.272009
    0.650239
    0.707131
    0.403196
   -0.106748
   -0.554145
   -0.717328
   -0.521729
   -0.059404
    0.441007
    0.713133
    0.604356
    0.175719
   -0.334352
   -0.653118
   -0.622245
   -0.271399
    0.206912
    0.560593
    0.609588
    0.340079
   -0.091637
   -0.450057
   -0.552938
   -0.366670
   -0.011906
    0.315639
    0.455655
    0.360819
    0.105162
   -0.169913
   -0.333953
   -0.327136
   -0.176169
    0.032401
    0.200664
    0.263532
    0.210299
    0.079291
   -0.066409
   -0.168242
   -0.193831
   -0.144371
   -0.048121
    0.054582
    0.127549
    0.150319
    0.122174
    0.058908
   -0.015010
   -0.075426
   -0.105660
   -0.100065
   -0.063770
   -0.009465
    0.047248
    0.092378
    0.116815
    0.117770
    0.098421
    0.066222
    0.030549
    0.000351
   -0.017692
   -0.020208
   -0.007327
    0.017825
    0.050108
    0.083532
    0.112354
    0.131950
    0.139358
    0.133463
    0.114906
    0.085768
    0.049141
    0.008662
   -0.031908
   -0.069043
   -0.099700
   -0.121497
   -0.132806
