   -1.270304
   -0.437812
   -0.086857
    0.487467
    0.829130
    0.755989
    0.314955
   -0.272290
   -0.708849
   -0.787068
   -0.476790
    0.066526
    0.562736
    0.777124
    0.604792
    0.127737
   -0.403094
   -0.728921
   -0.694620
   -0.303970
    0.244494
    0.658974
    0.734672
    0.441755
   -0.079707
   -0.567385
   -0.755509
   -0.536539
   -0.036765
    0.464759
    0.704225
    0.570709
    0.149453
   -0.331650
   -0.621450
   -0.576413
   -0.235516
    0.206065
    0.510934
    0.531831
    0.283682
   -0.080911
   -0.367732
   -0.445945
   -0.304552
   -0.039311
    0.210437
    0.334239
    0.295818
    0.135848
   -0.059835
   -0.204991
   -0.248662
   -0.188970
   -0.064483
    0.068286
    0.159383
    0.182306
    0.138904
    0.053374
   -0.040069
   -0.110224
   -0.138234
   -0.121125
   -0.069790
   -0.003302
    0.057936
    0.098026
    0.108998
    0.091473
    0.053022
    0.005134
   -0.040133
   -0.072971
   -0.087581
   -0.082714
   -0.061159
   -0.028510
    0.008363
    0.042796
    0.069475
    0.085113
    0.088662
    0.081099
    0.064947
    0.043646
    0.020918
    0.000214
   -0.015684
   -0.024905
   -0.026565
   -0.020712
   -0.008180
    0.009615
    0.030887
    0.053692
    0.076100
    0.096342
    0.112911
    0.124628
    0.130690
