    1.622133
    0.314228
    0.613956
    0.170359
   -0.413028
   -0.796302
   -0.787060
   -0.387734
    0.199826
    0.679312
    0.822522
    0.545638
   -0.003313
   -0.544098
   -0.816893
   -0.667370
   -0.167731
    0.406778
    0.766454
    0.736937
    0.320160
   -0.271647
   -0.707998
   -0.749711
   -0.395419
    0.143588
    0.580695
    0.700564
    0.456867
   -0.009338
   -0.444975
   -0.623821
   -0.470302
   -0.091860
    0.295870
    0.496813
    0.434766
    0.174620
   -0.132875
   -0.338998
   -0.366620
   -0.231771
   -0.018182
    0.172428
    0.266571
    0.242970
    0.130009
   -0.015561
   -0.135655
   -0.192048
   -0.175530
   -0.102947
   -0.006245
    0.080804
    0.133358
    0.141066
    0.108106
    0.049097
   -0.016912
   -0.072263
   -0.104825
   -0.109845
   -0.089615
   -0.051600
   -0.005832
    0.037654
    0.070826
    0.088800
    0.090142
    0.076462
    0.051558
    0.020386
   -0.011933
   -0.040903
   -0.063169
   -0.076748
   -0.081012
   -0.076493
   -0.064586
   -0.047202
   -0.026461
   -0.004418
    0.017130
    0.036760
    0.053473
    0.066692
    0.076211
    0.082129
    0.084776
    0.084629
    0.082244
    0.078204
    0.073069
    0.067352
    0.061498
    0.055882
    0.050802
    0.046491
    0.043122
    0.040813
    0.039641
