    0.137121
    0.305708
   -0.492596
   -0.851655
   -0.745821
   -0.262293
    0.339815
    0.758161
    0.786152
    0.425225
   -0.137984
   -0.617221
   -0.776620
   -0.551794
   -0.056766
    0.453285
    0.725977
    0.640224
    0.237294
   -0.278958
   -0.644054
   -0.687657
   -0.394098
    0.099493
    0.543560
    0.705594
    0.509669
    0.062755
   -0.415398
   -0.687854
   -0.606660
   -0.204036
    0.306265
    0.646942
    0.639106
    0.298105
   -0.186373
   -0.558546
   -0.629630
   -0.372180
    0.068681
    0.454950
    0.585993
    0.406475
    0.029705
   -0.334431
   -0.499877
   -0.400946
   -0.113842
    0.199342
    0.383490
    0.366302
    0.181304
   -0.064234
   -0.250927
   -0.303708
   -0.217983
   -0.049682
    0.119094
    0.219014
    0.219718
    0.135144
    0.010270
   -0.101599
   -0.160269
   -0.151073
   -0.085659
    0.006674
    0.092035
    0.144041
    0.151123
    0.117712
    0.060181
   -0.000077
   -0.043778
   -0.058953
   -0.043142
   -0.002596
    0.050699
    0.102922
    0.142081
    0.160564
    0.156186
    0.131806
    0.093889
    0.050547
    0.009609
   -0.022887
   -0.043540
   -0.051751
   -0.049291
   -0.039500
   -0.026330
   -0.013460
   -0.003625
    0.001744
    0.002563
   -0.000132
   -0.004613
   -0.008970
   -0.011600
