    1.323528
    0.440920
    0.127185
   -0.459596
   -0.842293
   -0.805155
   -0.367452
    0.254402
    0.749739
    0.853717
    0.529044
   -0.071080
   -0.639480
   -0.859688
   -0.634182
   -0.090454
    0.504933
    0.830388
    0.695991
    0.193261
   -0.378695
   -0.718564
   -0.675139
   -0.294236
    0.215679
    0.586818
    0.633367
    0.353042
   -0.080658
   -0.429744
   -0.528837
   -0.362539
   -0.048938
    0.243095
    0.384839
    0.339227
    0.157999
   -0.060092
   -0.221040
   -0.272451
   -0.214419
   -0.087429
    0.051689
    0.153451
    0.190762
    0.162622
    0.088472
   -0.002351
   -0.081406
   -0.128942
   -0.137300
   -0.110221
   -0.059411
    0.000016
    0.053744
    0.091241
    0.107165
    0.101323
    0.077607
    0.042392
    0.002880
   -0.034295
   -0.064007
   -0.083102
   -0.090420
   -0.086519
   -0.073218
   -0.053075
   -0.028906
   -0.003400
    0.021153
    0.043013
    0.061034
    0.074632
    0.083701
    0.088504
    0.089556
    0.087514
    0.083091
    0.076981
    0.069816
    0.062136
    0.054372
    0.046855
    0.039816
    0.033400
    0.027685
    0.022695
    0.018413
    0.014796
    0.011783
    0.009309
    0.007301
    0.005693
    0.004424
    0.003436
    0.002684
    0.002127
    0.001737
    0.001488
    0.001368
