   -0.122104
   -0.306908
    0.480587
    0.835893
    0.737492
    0.269387
   -0.321422
   -0.741298
   -0.783418
   -0.442224
    0.114055
    0.602354
    0.783730
    0.580032
    0.084811
   -0.447009
   -0.746566
   -0.677700
   -0.266932
    0.286112
    0.686942
    0.730661
    0.407627
   -0.121609
   -0.595440
   -0.759828
   -0.516345
   -0.000008
    0.500454
    0.719347
    0.556911
    0.115180
   -0.367461
   -0.640900
   -0.571213
   -0.209493
    0.239697
    0.535773
    0.535945
    0.265473
   -0.111818
   -0.395517
   -0.456933
   -0.294170
   -0.013886
    0.237669
    0.350252
    0.294055
    0.118618
   -0.083457
   -0.224074
   -0.255447
   -0.181774
   -0.047579
    0.087222
    0.172776
    0.185582
    0.131779
    0.039350
   -0.055473
   -0.121651
   -0.142254
   -0.117073
   -0.059594
    0.009461
    0.069319
    0.104881
    0.109734
    0.086268
    0.043531
   -0.006122
   -0.050499
   -0.080295
   -0.090638
   -0.081355
   -0.056211
   -0.021490
    0.015617
    0.048495
    0.072171
    0.083889
    0.083188
    0.071594
    0.052052
    0.028266
    0.004056
   -0.017169
   -0.032776
   -0.041091
   -0.041433
   -0.034020
   -0.019793
   -0.000204
    0.023000
    0.047976
    0.072933
    0.096254
    0.116557
    0.132736
    0.143973
    0.149722
