    1.039709
    0.004427
    0.762235
    0.704443
    0.235819
   -0.357650
   -0.767741
   -0.796758
   -0.426135
    0.147474
    0.646224
    0.820201
    0.574340
    0.047045
   -0.505232
   -0.806678
   -0.684772
   -0.209783
    0.361138
    0.746680
    0.750194
    0.353567
   -0.233012
   -0.679267
   -0.746364
   -0.421758
    0.101877
    0.547267
    0.692312
    0.475619
    0.025272
   -0.411603
   -0.607206
   -0.477945
   -0.119642
    0.262025
    0.473893
    0.433777
    0.195010
   -0.102309
   -0.313635
   -0.358014
   -0.242482
   -0.041632
    0.147777
    0.251432
    0.242731
    0.143260
    0.004558
   -0.117113
   -0.181855
   -0.176551
   -0.113727
   -0.022180
    0.065442
    0.123399
    0.139081
    0.113986
    0.060493
   -0.003588
   -0.060687
   -0.097795
   -0.108720
   -0.094212
   -0.060463
   -0.016752
    0.027060
    0.062605
    0.084320
    0.089938
    0.080274
    0.058500
    0.029186
   -0.002670
   -0.032469
   -0.056590
   -0.072685
   -0.079742
   -0.077942
   -0.068396
   -0.052827
   -0.033258
   -0.011729
    0.009908
    0.030135
    0.047830
    0.062290
    0.073191
    0.080535
    0.084574
    0.085736
    0.084553
    0.081604
    0.077464
    0.072669
    0.067699
    0.062961
    0.058789
    0.055443
    0.053111
    0.051914
