   -0.965759
   -0.007677
   -0.783667
   -0.745810
   -0.268141
    0.357669
    0.806013
    0.848136
    0.450386
   -0.168249
   -0.705453
   -0.877766
   -0.580285
    0.007030
    0.579240
    0.853955
    0.670550
    0.122999
   -0.466099
   -0.771945
   -0.662212
   -0.227280
    0.296279
    0.641614
    0.640098
    0.311136
   -0.150830
   -0.494316
   -0.556063
   -0.339649
    0.010871
    0.308511
    0.423894
    0.335538
    0.117037
   -0.116409
   -0.266666
   -0.289280
   -0.198714
   -0.048970
    0.095716
    0.186228
    0.201892
    0.150639
    0.059768
   -0.036973
   -0.110859
   -0.145193
   -0.137122
   -0.095228
   -0.034782
    0.027450
    0.077422
    0.106314
    0.111246
    0.094546
    0.062149
    0.021697
   -0.019184
   -0.054170
   -0.078963
   -0.091496
   -0.091731
   -0.081198
   -0.062435
   -0.038425
   -0.012132
    0.013841
    0.037451
    0.057301
    0.072615
    0.083163
    0.089145
    0.091056
    0.089574
    0.085450
    0.079430
    0.072200
    0.064346
    0.056345
    0.048560
    0.041248
    0.034573
    0.028623
    0.023427
    0.018969
    0.015207
    0.012076
    0.009505
    0.007419
    0.005745
    0.004418
    0.003375
    0.002565
    0.001943
    0.001471
    0.001120
    0.000865
    0.000689
    0.000579
    0.000526
