   -1.067588
   -0.004015
   -0.763405
   -0.698103
   -0.225492
    0.365320
    0.767372
    0.784228
    0.416138
   -0.155967
   -0.638063
   -0.802348
   -0.565782
   -0.042470
    0.492041
    0.779713
    0.678125
    0.222576
   -0.346140
   -0.726264
   -0.735746
   -0.372394
    0.190223
    0.656832
    0.765990
    0.461457
   -0.074831
   -0.546970
   -0.715250
   -0.509888
   -0.052522
    0.411181
    0.639922
    0.525502
    0.148249
   -0.276197
   -0.524543
   -0.487401
   -0.214676
    0.131054
    0.373442
    0.411965
    0.257869
    0.009244
   -0.209773
   -0.309268
   -0.266034
   -0.120329
    0.053255
    0.182487
    0.225132
    0.178903
    0.074250
   -0.043110
   -0.131144
   -0.164951
   -0.141530
   -0.076415
    0.004747
    0.075831
    0.117900
    0.123151
    0.094928
    0.044743
   -0.012173
   -0.061306
   -0.092171
   -0.099979
   -0.085665
   -0.054647
   -0.014910
    0.025036
    0.057872
    0.078595
    0.084984
    0.077480
    0.058635
    0.032334
    0.002971
   -0.025266
   -0.048936
   -0.065652
   -0.074183
   -0.074381
   -0.066980
   -0.053342
   -0.035184
   -0.014320
    0.007535
    0.028919
    0.048697
    0.066102
    0.080718
    0.092435
    0.101391
    0.107896
    0.112366
    0.115251
    0.116979
    0.117912
    0.118309
