    1.312058
    0.436958
    0.084834
   -0.500162
   -0.845264
   -0.764551
   -0.307417
    0.290527
    0.726711
    0.789098
    0.459878
   -0.090796
   -0.578525
   -0.769201
   -0.576035
   -0.099937
    0.410168
    0.708572
    0.655066
    0.273886
   -0.235277
   -0.616545
   -0.693065
   -0.425766
    0.059409
    0.511753
    0.697875
    0.532725
    0.103741
   -0.380518
   -0.676120
   -0.620747
   -0.235911
    0.271044
    0.625250
    0.642605
    0.325404
   -0.149994
   -0.532443
   -0.626641
   -0.392496
    0.036281
    0.426737
    0.575452
    0.418212
    0.057432
   -0.304774
   -0.483069
   -0.404954
   -0.135859
    0.171104
    0.363376
    0.363802
    0.196659
   -0.039393
   -0.228738
   -0.293929
   -0.223666
   -0.066499
    0.100080
    0.206913
    0.219894
    0.147456
    0.029849
   -0.081762
   -0.146271
   -0.145843
   -0.088238
    0.000307
    0.087158
    0.145199
    0.160672
    0.135290
    0.083123
    0.024314
   -0.021847
   -0.042335
   -0.033076
    0.001300
    0.049961
    0.099526
    0.137722
    0.156107
    0.151431
    0.125575
    0.084372
    0.035814
   -0.011856
   -0.051735
   -0.079270
   -0.092616
   -0.092422
   -0.081192
   -0.062465
   -0.039995
   -0.017109
    0.003697
    0.020877
    0.033732
    0.042148
    0.046277
