    0.130561
    0.307357
   -0.473946
   -0.831425
   -0.739140
   -0.278119
    0.314091
    0.736688
    0.791778
    0.452057
   -0.105695
   -0.601218
   -0.799227
   -0.591452
   -0.089245
    0.449209
    0.767323
    0.695736
    0.260477
   -0.301725
   -0.700959
   -0.745702
   -0.407533
    0.151003
    0.629585
    0.761511
    0.483834
   -0.035193
   -0.511554
   -0.703579
   -0.526868
   -0.087368
    0.376807
    0.622262
    0.532036
    0.175083
   -0.242456
   -0.500574
   -0.484878
   -0.234224
    0.100012
    0.346779
    0.402430
    0.268882
    0.034051
   -0.183796
   -0.294016
   -0.267305
   -0.136013
    0.031194
    0.163795
    0.217016
    0.183515
    0.088589
   -0.025310
   -0.116639
   -0.158522
   -0.144627
   -0.087167
   -0.009559
    0.062693
    0.109759
    0.121957
    0.100467
    0.055013
   -0.000183
   -0.050708
   -0.085403
   -0.098329
   -0.089142
   -0.062159
   -0.024650
    0.015126
    0.049668
    0.073473
    0.083650
    0.079950
    0.064337
    0.040287
    0.012002
   -0.016322
   -0.041073
   -0.059582
   -0.070286
   -0.072704
   -0.067282
   -0.055156
   -0.037898
   -0.017254
    0.005065
    0.027535
    0.048933
    0.068370
    0.085298
    0.099471
    0.110889
    0.119725
    0.126259
    0.130804
    0.133649
    0.135011
