    0.259024
    0.306619
   -0.460558
   -0.849715
   -0.787451
   -0.320177
    0.303906
    0.779788
    0.852335
    0.489890
   -0.117625
   -0.674189
   -0.870770
   -0.607098
   -0.042871
    0.541415
    0.844188
    0.685290
    0.158317
   -0.422889
   -0.745719
   -0.669609
   -0.262012
    0.255406
    0.614854
    0.638086
    0.333275
   -0.115291
   -0.462379
   -0.543355
   -0.352154
   -0.019803
    0.275673
    0.404952
    0.338422
    0.138519
   -0.087760
   -0.244089
   -0.281701
   -0.207610
   -0.068996
    0.073468
    0.170226
    0.197151
    0.157561
    0.074823
   -0.019408
   -0.096378
   -0.137702
   -0.138021
   -0.103471
   -0.047585
    0.013607
    0.065821
    0.099298
    0.109873
    0.098601
    0.070415
    0.032367
   -0.008082
   -0.044402
   -0.071845
   -0.087779
   -0.091599
   -0.084357
   -0.068244
   -0.046051
   -0.020688
    0.005179
    0.029374
    0.050318
    0.067046
    0.079152
    0.086685
    0.090030
    0.089788
    0.086669
    0.081407
    0.074697
    0.067150
    0.059276
    0.051474
    0.044038
    0.037164
    0.030971
    0.025509
    0.020782
    0.016759
    0.013387
    0.010598
    0.008320
    0.006482
    0.005016
    0.003861
    0.002961
    0.002270
    0.001750
    0.001369
    0.001104
    0.000937
    0.000856
