    1.113564
    0.004276
    0.776010
    0.699682
    0.210046
   -0.387437
   -0.781326
   -0.777119
   -0.390837
    0.181001
    0.645726
    0.781926
    0.530112
    0.018969
   -0.486408
   -0.745318
   -0.634141
   -0.204768
    0.317199
    0.673628
    0.698499
    0.371431
   -0.148184
   -0.586493
   -0.721002
   -0.494271
   -0.018736
    0.472984
    0.723358
    0.589735
    0.142444
   -0.370738
   -0.673545
   -0.615528
   -0.241694
    0.243102
    0.584610
    0.610367
    0.318533
   -0.124162
   -0.477519
   -0.562104
   -0.353449
    0.016615
    0.344820
    0.470920
    0.355162
    0.082415
   -0.197659
   -0.352992
   -0.329027
   -0.161348
    0.055734
    0.221200
    0.272346
    0.204546
    0.062687
   -0.086003
   -0.182622
   -0.197828
   -0.137511
   -0.034188
    0.069519
    0.137660
    0.152050
    0.115164
    0.045679
   -0.030289
   -0.088509
   -0.113579
   -0.101895
   -0.060657
   -0.004067
    0.051668
    0.092885
    0.111512
    0.106145
    0.081308
    0.045458
    0.008473
   -0.020726
   -0.035900
   -0.034363
   -0.016979
    0.012518
    0.048605
    0.085174
    0.116611
    0.138589
    0.148501
    0.145557
    0.130581
    0.105641
    0.073592
    0.037619
    0.000860
   -0.033875
   -0.064252
   -0.088477
   -0.105284
   -0.113874
