    1.619473
    0.316420
    0.636335
    0.192905
   -0.406416
   -0.816970
   -0.816578
   -0.411900
    0.206936
    0.714652
    0.855167
    0.564895
   -0.027094
   -0.600260
   -0.846941
   -0.660808
   -0.134686
    0.468637
    0.812360
    0.703655
    0.227988
   -0.334074
   -0.690638
   -0.678612
   -0.323942
    0.176962
    0.557510
    0.626100
    0.370566
   -0.046960
   -0.396542
   -0.512624
   -0.370837
   -0.076494
    0.210869
    0.363649
    0.338011
    0.175467
   -0.033484
   -0.197636
   -0.261631
   -0.219178
   -0.104214
    0.030506
    0.136046
    0.182831
    0.165845
    0.100643
    0.014058
   -0.066101
   -0.119039
   -0.135014
   -0.115450
   -0.070156
   -0.013174
    0.041343
    0.082265
    0.103186
    0.102709
    0.083661
    0.051668
    0.013573
   -0.023975
   -0.055553
   -0.077532
   -0.088220
   -0.087675
   -0.077315
   -0.059430
   -0.036706
   -0.011819
    0.012860
    0.035446
    0.054621
    0.069628
    0.080201
    0.086473
    0.088862
    0.087963
    0.084454
    0.079025
    0.072320
    0.064902
    0.057236
    0.049685
    0.042515
    0.035903
    0.029953
    0.024709
    0.020171
    0.016310
    0.013074
    0.010400
    0.008223
    0.006477
    0.005100
    0.004038
    0.003244
    0.002682
    0.002323
    0.002148
