    1.328865
    0.437115
    0.089361
   -0.499998
   -0.850536
   -0.772610
   -0.312063
    0.293301
    0.734745
    0.798828
    0.460766
   -0.096743
   -0.590485
   -0.778300
   -0.571451
   -0.089514
    0.424074
    0.716061
    0.642675
    0.256169
   -0.245307
   -0.618885
   -0.677381
   -0.397354
    0.069112
    0.493618
    0.673945
    0.516320
    0.097309
   -0.364940
   -0.636625
   -0.589787
   -0.249958
    0.219376
    0.582527
    0.645201
    0.368061
   -0.101202
   -0.509857
   -0.643164
   -0.438627
   -0.011946
    0.409535
    0.606928
    0.483365
    0.113446
   -0.299357
   -0.535680
   -0.479985
   -0.178414
    0.196015
    0.445585
    0.454765
    0.242448
   -0.062536
   -0.299783
   -0.361233
   -0.236981
   -0.006180
    0.213372
    0.325636
    0.296609
    0.159675
   -0.009881
   -0.134044
   -0.165455
   -0.101979
    0.019819
    0.145502
    0.226801
    0.238875
    0.185639
    0.093530
   -0.001684
   -0.068951
   -0.091805
   -0.071465
   -0.023523
    0.029487
    0.066431
    0.074063
    0.050029
    0.002150
   -0.055120
   -0.105541
   -0.135667
   -0.138016
   -0.112253
   -0.064477
   -0.005126
    0.053766
    0.101217
    0.129311
    0.134285
    0.116678
    0.080708
    0.033154
   -0.017961
   -0.064641
   -0.099986
   -0.118972
