   -1.709746
   -0.312201
   -0.610341
   -0.144194
    0.446822
    0.814633
    0.772824
    0.347724
   -0.235757
   -0.687693
   -0.786373
   -0.492469
    0.033905
    0.534414
    0.757287
    0.600933
    0.155995
   -0.362595
   -0.693942
   -0.671981
   -0.321896
    0.183171
    0.600429
    0.713003
    0.459318
   -0.022137
   -0.485512
   -0.705558
   -0.569464
   -0.135104
    0.375069
    0.684550
    0.625927
    0.239092
   -0.260403
   -0.608024
   -0.629685
   -0.325412
    0.136367
    0.509460
    0.601621
    0.377083
   -0.029139
   -0.393147
   -0.529418
   -0.387402
   -0.065384
    0.257172
    0.421532
    0.366811
    0.146167
   -0.115919
   -0.293677
   -0.318517
   -0.200637
   -0.011134
    0.159389
    0.242707
    0.217354
    0.109047
   -0.027949
   -0.136983
   -0.180924
   -0.152433
   -0.071316
    0.027288
    0.107738
    0.145992
    0.135497
    0.086301
    0.019089
   -0.042895
   -0.081153
   -0.086475
   -0.060002
   -0.011229
    0.045847
    0.097038
    0.131520
    0.143904
    0.134609
    0.108815
    0.074521
    0.040328
    0.013494
   -0.001382
   -0.002907
    0.007298
    0.025335
    0.046071
    0.064238
    0.075396
    0.076606
    0.066772
    0.046658
    0.018623
   -0.013823
   -0.046579
   -0.075531
   -0.097074
   -0.108548
