   -1.286706
   -0.440609
   -0.118698
    0.460601
    0.828085
    0.790069
    0.356521
   -0.247909
   -0.727318
   -0.840171
   -0.520394
    0.054797
    0.606066
    0.850074
    0.642588
    0.107728
   -0.470298
   -0.808626
   -0.723928
   -0.246508
    0.354114
    0.738214
    0.714762
    0.327439
   -0.203406
   -0.603422
   -0.675607
   -0.397567
    0.067288
    0.463662
    0.591064
    0.410266
    0.047188
   -0.295709
   -0.455495
   -0.383664
   -0.148889
    0.117798
    0.295164
    0.323211
    0.215792
    0.038959
   -0.126868
   -0.221221
   -0.221843
   -0.144302
   -0.028162
    0.081741
    0.151176
    0.165044
    0.127846
    0.058121
   -0.019857
   -0.083966
   -0.119649
   -0.122038
   -0.095127
   -0.048995
    0.003740
    0.051185
    0.084517
    0.099123
    0.094632
    0.074119
    0.042861
    0.007000
   -0.027625
   -0.056317
   -0.075972
   -0.085185
   -0.084077
   -0.073958
   -0.056903
   -0.035343
   -0.011714
    0.011812
    0.033486
    0.052062
    0.066795
    0.077394
    0.083934
    0.086763
    0.086405
    0.083474
    0.078608
    0.072413
    0.065428
    0.058108
    0.050817
    0.043828
    0.037332
    0.031450
    0.026247
    0.021742
    0.017926
    0.014768
    0.012229
    0.010263
    0.008829
    0.007894
    0.007433
