   -1.105400
   -0.004030
   -0.771282
   -0.696735
   -0.212531
    0.381878
    0.774320
    0.777471
    0.394510
   -0.171415
   -0.640480
   -0.785716
   -0.536308
   -0.031379
    0.483520
    0.755567
    0.642977
    0.214851
   -0.314153
   -0.690936
   -0.716831
   -0.371793
    0.156812
    0.598365
    0.738891
    0.503038
   -0.000449
   -0.507031
   -0.737711
   -0.570529
   -0.109025
    0.391128
    0.669442
    0.592385
    0.213223
   -0.260603
   -0.578174
   -0.580001
   -0.282221
    0.140028
    0.458150
    0.518014
    0.314750
   -0.021814
   -0.311096
   -0.419663
   -0.319800
   -0.086053
    0.156724
    0.299282
    0.294173
    0.165385
   -0.014985
   -0.165683
   -0.231054
   -0.198323
   -0.094458
    0.031495
    0.130631
    0.171689
    0.148695
    0.078292
   -0.009959
   -0.085479
   -0.126461
   -0.124942
   -0.086685
   -0.027087
    0.034838
    0.082255
    0.104575
    0.099105
    0.070370
    0.027818
   -0.017194
   -0.054270
   -0.076067
   -0.079331
   -0.064881
   -0.036771
   -0.000991
    0.035952
    0.068263
    0.091731
    0.104154
    0.105348
    0.096831
    0.081305
    0.062049
    0.042362
    0.025095
    0.012334
    0.005250
    0.004082
    0.008249
    0.016530
    0.027290
    0.038730
    0.049108
    0.056933
    0.061128
