    1.090043
    0.003911
    0.766493
    0.696450
    0.216723
   -0.372962
   -0.770630
   -0.778274
   -0.403584
    0.161697
    0.639816
    0.789157
    0.550702
    0.040860
   -0.488785
   -0.763484
   -0.657748
   -0.226518
    0.326570
    0.712170
    0.725212
    0.371701
   -0.165237
   -0.622449
   -0.760762
   -0.493489
    0.037190
    0.535085
    0.732750
    0.541113
    0.079312
   -0.403466
   -0.658812
   -0.563590
   -0.181573
    0.273707
    0.559434
    0.538046
    0.245422
   -0.143579
   -0.422831
   -0.466372
   -0.281896
    0.012881
    0.265055
    0.365171
    0.290493
    0.099750
   -0.107792
   -0.242648
   -0.260779
   -0.172867
   -0.029462
    0.106382
    0.185364
    0.187402
    0.123156
    0.024365
   -0.070972
   -0.132316
   -0.144960
   -0.111623
   -0.048366
    0.022595
    0.080349
    0.110820
    0.109307
    0.080015
    0.033415
   -0.017397
   -0.060246
   -0.086471
   -0.092219
   -0.078425
   -0.049804
   -0.013262
    0.023784
    0.054857
    0.075402
    0.083236
    0.078500
    0.063244
    0.040794
    0.015057
   -0.010119
   -0.031437
   -0.046471
   -0.053802
   -0.052998
   -0.044485
   -0.029340
   -0.009066
    0.014624
    0.039998
    0.065439
    0.089539
    0.111143
    0.129354
    0.143517
    0.153185
    0.158080
