   -0.147537
   -0.305530
    0.493395
    0.855155
    0.749877
    0.264447
   -0.342519
   -0.762199
   -0.791571
   -0.424171
    0.141689
    0.623391
    0.781387
    0.547035
    0.051365
   -0.460139
   -0.729654
   -0.630916
   -0.227964
    0.281970
    0.644974
    0.677982
    0.377730
   -0.101393
   -0.530477
   -0.694041
   -0.503108
   -0.059950
    0.405325
    0.664710
    0.592536
    0.217595
   -0.275971
   -0.628173
   -0.646761
   -0.323272
    0.162964
    0.551133
    0.642065
    0.398059
   -0.044387
   -0.449361
   -0.606317
   -0.441492
   -0.054915
    0.339243
    0.534257
    0.442520
    0.133901
   -0.215208
   -0.425094
   -0.405862
   -0.192048
    0.090956
    0.300913
    0.349486
    0.235659
    0.032565
   -0.157482
   -0.253108
   -0.225748
   -0.102907
    0.052825
    0.175335
    0.222045
    0.186540
    0.094836
   -0.009932
   -0.086277
   -0.108986
   -0.075274
   -0.002019
    0.083084
    0.152314
    0.186708
    0.180466
    0.140534
    0.082427
    0.024321
   -0.018544
   -0.037627
   -0.032349
   -0.008998
    0.021977
    0.049273
    0.063727
    0.060310
    0.038859
    0.003599
   -0.038227
   -0.078164
   -0.108347
   -0.122960
   -0.119138
   -0.097241
   -0.060562
   -0.014622
    0.033800
    0.077711
    0.110890
    0.128710
