   -1.298961
   -0.437065
   -0.083923
    0.498194
    0.840142
    0.760806
    0.307069
   -0.286436
   -0.719930
   -0.787260
   -0.460488
    0.082476
    0.572123
    0.769638
    0.579128
    0.111329
   -0.403449
   -0.714634
   -0.662238
   -0.283318
    0.227137
    0.626062
    0.711976
    0.432205
   -0.064753
   -0.520325
   -0.712185
   -0.546851
   -0.098116
    0.408459
    0.700154
    0.616317
    0.207896
   -0.297547
   -0.631247
   -0.626949
   -0.299291
    0.171350
    0.535543
    0.606647
    0.359565
   -0.059975
   -0.421919
   -0.542017
   -0.377969
   -0.039239
    0.286404
    0.439169
    0.364685
    0.126409
   -0.142656
   -0.314168
   -0.323625
   -0.189274
    0.010083
    0.180017
    0.253605
    0.214529
    0.094719
   -0.047075
   -0.153052
   -0.188239
   -0.149421
   -0.060607
    0.040367
    0.117421
    0.148145
    0.128804
    0.072310
    0.001317
   -0.060355
   -0.094989
   -0.095065
   -0.063681
   -0.011948
    0.045273
    0.093824
    0.123676
    0.130709
    0.116725
    0.088077
    0.053506
    0.021840
    0.000085
   -0.007766
   -0.001114
    0.017599
    0.043752
    0.071651
    0.095652
    0.111084
    0.114874
    0.105829
    0.084612
    0.053476
    0.015823
   -0.024283
   -0.062626
   -0.095290
   -0.119012
   -0.131475
