   -1.257052
   -0.439209
   -0.099184
    0.471769
    0.821431
    0.764419
    0.332742
   -0.253647
   -0.709426
   -0.802894
   -0.501415
    0.049245
    0.575546
    0.802735
    0.630340
    0.141011
   -0.429096
   -0.773154
   -0.712415
   -0.293828
    0.272815
    0.705164
    0.765568
    0.411711
   -0.154648
   -0.615893
   -0.734159
   -0.469603
    0.021973
    0.479748
    0.670037
    0.505503
    0.089812
   -0.344153
   -0.568916
   -0.486798
   -0.170455
    0.195464
    0.425234
    0.426359
    0.230228
   -0.044235
   -0.261988
   -0.336355
   -0.258081
   -0.084110
    0.099484
    0.218409
    0.237123
    0.164575
    0.041739
   -0.079814
   -0.158243
   -0.173764
   -0.130737
   -0.051396
    0.034663
    0.100895
    0.130978
    0.121430
    0.080084
    0.021819
   -0.036590
   -0.080986
   -0.102724
   -0.099619
   -0.075241
   -0.037078
    0.005730
    0.044507
    0.072608
    0.086266
    0.084727
    0.069822
    0.045195
    0.015402
   -0.014941
   -0.041823
   -0.062271
   -0.074548
   -0.078117
   -0.073480
   -0.061908
   -0.045146
   -0.025126
   -0.003733
    0.017376
    0.036877
    0.053836
    0.067700
    0.078273
    0.085642
    0.090123
    0.092173
    0.092338
    0.091191
    0.089282
    0.087111
    0.085098
    0.083570
    0.082748
