   -1.009748
   -0.005220
   -0.764689
   -0.715019
   -0.247165
    0.350896
    0.776584
    0.808614
    0.441091
   -0.147291
   -0.662818
   -0.833760
   -0.588471
   -0.041895
    0.534337
    0.823435
    0.682903
    0.200315
   -0.387403
   -0.776940
   -0.744839
   -0.309710
    0.271026
    0.677867
    0.714103
    0.385992
   -0.121564
   -0.541847
   -0.661554
   -0.433856
   -0.000244
    0.397365
    0.557926
    0.426112
    0.103040
   -0.229013
   -0.411401
   -0.382298
   -0.187869
    0.059984
    0.246655
    0.304794
    0.232510
    0.080162
   -0.080665
   -0.188984
   -0.214575
   -0.162112
   -0.061985
    0.045415
    0.124910
    0.156435
    0.137905
    0.082030
    0.009646
   -0.057653
   -0.103335
   -0.119079
   -0.105138
   -0.068542
   -0.020157
    0.028441
    0.067519
    0.090761
    0.095811
    0.083915
    0.058989
    0.026428
   -0.008056
   -0.039386
   -0.063735
   -0.078815
   -0.083869
   -0.079451
   -0.067078
   -0.048852
   -0.027090
   -0.004029
    0.018391
    0.038653
    0.055712
    0.068982
    0.078281
    0.083752
    0.085768
    0.084852
    0.081598
    0.076609
    0.070455
    0.063638
    0.056584
    0.049633
    0.043042
    0.036994
    0.031613
    0.026971
    0.023105
    0.020025
    0.017729
    0.016207
    0.015448
