   -1.643536
   -0.317418
   -0.650298
   -0.202082
    0.414534
    0.832785
    0.838318
    0.411969
   -0.221556
   -0.736179
   -0.878903
   -0.553354
    0.057255
    0.619164
    0.860769
    0.651070
    0.086982
   -0.507704
   -0.797028
   -0.653366
   -0.190330
    0.338358
    0.667204
    0.639392
    0.286627
   -0.187172
   -0.525414
   -0.566908
   -0.325092
    0.042943
    0.341474
    0.441591
    0.330583
    0.093633
   -0.145910
   -0.288632
   -0.295105
   -0.187738
   -0.027453
    0.118275
    0.201295
    0.204890
    0.141864
    0.043414
   -0.054877
   -0.124673
   -0.151290
   -0.134565
   -0.085549
   -0.021132
    0.041380
    0.088386
    0.112172
    0.111233
    0.089178
    0.052889
    0.010508
   -0.030288
   -0.063470
   -0.085260
   -0.094192
   -0.090797
   -0.077066
   -0.055846
   -0.030272
   -0.003319
    0.022503
    0.045313
    0.063906
    0.077702
    0.086645
    0.091074
    0.091590
    0.088931
    0.083881
    0.077187
    0.069518
    0.061431
    0.053367
    0.045651
    0.038502
    0.032053
    0.026364
    0.021442
    0.017257
    0.013752
    0.010857
    0.008497
    0.006595
    0.005079
    0.003883
    0.002948
    0.002225
    0.001671
    0.001250
    0.000935
    0.000704
    0.000537
    0.000423
    0.000352
    0.000318
