    1.434490
    0.439819
    0.133698
   -0.482834
   -0.882028
   -0.841004
   -0.362178
    0.292554
    0.799171
    0.885789
    0.496635
   -0.132745
   -0.682928
   -0.876188
   -0.589173
    0.009117
    0.560585
    0.779880
    0.593888
    0.126200
   -0.377445
   -0.660265
   -0.587281
   -0.221928
    0.218881
    0.501623
    0.506800
    0.273656
   -0.049700
   -0.301199
   -0.383842
   -0.294191
   -0.101445
    0.098986
    0.229844
    0.256880
    0.190472
    0.070674
   -0.053780
   -0.143399
   -0.177817
   -0.157026
   -0.096310
   -0.018290
    0.054768
    0.106391
    0.128399
    0.120739
    0.089527
    0.044299
   -0.004687
   -0.048540
   -0.080984
   -0.098785
   -0.101528
   -0.090984
   -0.070315
   -0.043283
   -0.013604
    0.015512
    0.041614
    0.063096
    0.079153
    0.089650
    0.094955
    0.095767
    0.092959
    0.087455
    0.080132
    0.071767
    0.062995
    0.054313
    0.046075
    0.038513
    0.031759
    0.025863
    0.020817
    0.016575
    0.013063
    0.010197
    0.007888
    0.006050
    0.004602
    0.003474
    0.002603
    0.001937
    0.001432
    0.001051
    0.000767
    0.000557
    0.000402
    0.000288
    0.000206
    0.000146
    0.000104
    0.000074
    0.000052
    0.000038
    0.000028
    0.000022
    0.000020
