    0.178080
    0.307716
   -0.461426
   -0.831212
   -0.754920
   -0.300925
    0.300009
    0.746438
    0.814712
    0.480711
   -0.100437
   -0.624739
   -0.828967
   -0.619656
   -0.085051
    0.494608
    0.805449
    0.702520
    0.243618
   -0.348295
   -0.757141
   -0.749559
   -0.339416
    0.228502
    0.646170
    0.711465
    0.412091
   -0.082709
   -0.510166
   -0.651170
   -0.448399
   -0.032159
    0.363665
    0.538981
    0.431025
    0.128631
   -0.196310
   -0.387997
   -0.378858
   -0.204496
    0.032676
    0.221975
    0.293370
    0.237927
    0.098444
   -0.058267
   -0.171723
   -0.208520
   -0.168353
   -0.077031
    0.027668
    0.110679
    0.149992
    0.140527
    0.092096
    0.023572
   -0.044084
   -0.093721
   -0.115560
   -0.108081
   -0.076738
   -0.031349
    0.016893
    0.058013
    0.085007
    0.094604
    0.087137
    0.065776
    0.035441
    0.001662
   -0.030397
   -0.056629
   -0.074350
   -0.082377
   -0.080869
   -0.071033
   -0.054759
   -0.034260
   -0.011761
    0.010734
    0.031597
    0.049643
    0.064145
    0.074787
    0.081599
    0.084869
    0.085061
    0.082737
    0.078490
    0.072896
    0.066481
    0.059699
    0.052924
    0.046451
    0.040500
    0.035229
    0.030743
    0.027109
    0.024363
    0.022526
    0.021605
