    1.717249
    0.312346
    0.613839
    0.145663
   -0.448621
   -0.819966
   -0.776118
   -0.348972
    0.241309
    0.692868
    0.789815
    0.491034
   -0.042966
   -0.538912
   -0.759296
   -0.596516
   -0.143231
    0.366573
    0.689636
    0.665923
    0.309187
   -0.190422
   -0.588183
   -0.696166
   -0.454309
    0.019577
    0.477667
    0.688137
    0.554344
    0.143430
   -0.345581
   -0.662168
   -0.631963
   -0.266383
    0.235232
    0.601812
    0.644153
    0.351210
   -0.114078
   -0.505415
   -0.621668
   -0.410796
    0.004815
    0.397910
    0.563173
    0.428048
    0.084046
   -0.274951
   -0.464936
   -0.407100
   -0.156311
    0.143471
    0.342712
    0.359970
    0.210671
   -0.015108
   -0.205884
   -0.282378
   -0.227058
   -0.081259
    0.082347
    0.195219
    0.219976
    0.159820
    0.050248
   -0.060005
   -0.129316
   -0.137036
   -0.087204
   -0.002945
    0.084579
    0.147787
    0.170953
    0.153158
    0.106096
    0.048475
   -0.000634
   -0.027348
   -0.026074
    0.000203
    0.041955
    0.086486
    0.121523
    0.138088
    0.132125
    0.104734
    0.061259
    0.009640
   -0.041469
   -0.084372
   -0.113516
   -0.126073
   -0.121935
   -0.103261
   -0.073765
   -0.037950
   -0.000404
    0.034710
    0.063974
    0.084854
    0.095696
