   -0.644704
   -0.432620
    0.072691
    0.465082
    0.627812
    0.501053
    0.126102
   -0.233310
   -0.398536
   -0.371386
   -0.237246
   -0.079013
    0.053240
    0.140582
    0.183874
    0.193095
    0.180284
    0.155902
    0.127547
    0.099989
    0.075743
    0.055770
    0.040088
    0.028224
    0.019514
    0.013278
    0.008906
    0.005897
    0.003859
    0.002499
    0.001602
    0.001018
    0.000642
    0.000401
    0.000249
    0.000154
    0.000094
    0.000057
    0.000035
    0.000021
    0.000013
    0.000007
    0.000004
    0.000003
    0.000002
    0.000001
    0.000001
    0.000000
    0.000000
    0.000000
    0.000000
    0.000000
    0.000000
    0.000000
    0.000000
    0.000000
    0.000000
    0.000000
    0.000000
    0.000000
    0.000000
    0.000000
    0.000000
    0.000000
    0.000000
    0.000000
    0.000000
    0.000000
    0.000000
    0.000000
    0.000000
    0.000000
    0.000000
    0.000000
    0.000000
    0.000000
    0.000000
    0.000000
    0.000000
    0.000000
    0.000000
    0.000000
    0.000000
    0.000000
    0.000000
    0.000000
    0.000000
    0.000000
    0.000000
    0.000000
    0.000000
    0.000000
    0.000000
    0.000000
    0.000000
    0.000000
    0.000000
    0.000000
    0.000000
    0.000000
    0.000000
