    1.248816
    0.295792
    0.361222
    0.033937
   -0.356029
   -0.522575
   -0.408220
   -0.178719
    0.027574
    0.159564
    0.219124
    0.226989
    0.205146
    0.170407
    0.133459
    0.100007
    0.072378
    0.050919
    0.034985
    0.023557
    0.015587
    0.010157
    0.006529
    0.004147
    0.002605
    0.001620
    0.000999
    0.000610
    0.000370
    0.000223
    0.000133
    0.000079
    0.000047
    0.000028
    0.000016
    0.000009
    0.000005
    0.000003
    0.000002
    0.000001
    0.000001
    0.000000
    0.000000
    0.000000
    0.000000
    0.000000
    0.000000
    0.000000
    0.000000
    0.000000
    0.000000
    0.000000
    0.000000
    0.000000
    0.000000
    0.000000
    0.000000
    0.000000
    0.000000
    0.000000
    0.000000
    0.000000
    0.000000
    0.000000
    0.000000
    0.000000
    0.000000
    0.000000
    0.000000
    0.000000
    0.000000
    0.000000
    0.000000
    0.000000
    0.000000
    0.000000
    0.000000
    0.000000
    0.000000
    0.000000
    0.000000
    0.000000
    0.000000
    0.000000
    0.000000
    0.000000
    0.000000
    0.000000
    0.000000
    0.000000
    0.000000
    0.000000
    0.000000
    0.000000
    0.000000
    0.000000
    0.000000
    0.000000
    0.000000
    0.000000
    0.000000
