    0.397229
    0.442012
    0.006979
   -0.371395
   -0.555087
   -0.419518
   -0.152226
    0.071038
    0.198264
    0.243406
    0.236514
    0.203732
    0.162597
    0.122956
    0.089268
    0.062757
    0.042973
    0.028785
    0.018923
    0.012239
    0.007803
    0.004913
    0.003058
    0.001884
    0.001150
    0.000696
    0.000418
    0.000249
    0.000148
    0.000087
    0.000051
    0.000030
    0.000017
    0.000010
    0.000006
    0.000003
    0.000002
    0.000001
    0.000001
    0.000000
    0.000000
    0.000000
    0.000000
    0.000000
    0.000000
    0.000000
    0.000000
    0.000000
    0.000000
    0.000000
    0.000000
    0.000000
    0.000000
    0.000000
    0.000000
    0.000000
    0.000000
    0.000000
    0.000000
    0.000000
    0.000000
    0.000000
    0.000000
    0.000000
    0.000000
    0.000000
    0.000000
    0.000000
    0.000000
    0.000000
    0.000000
    0.000000
    0.000000
    0.000000
    0.000000
    0.000000
    0.000000
    0.000000
    0.000000
    0.000000
    0.000000
    0.000000
    0.000000
    0.000000
    0.000000
    0.000000
    0.000000
    0.000000
    0.000000
    0.000000
    0.000000
    0.000000
    0.000000
    0.000000
    0.000000
    0.000000
    0.000000
    0.000000
    0.000000
    0.000000
    0.000000
