    1.099621
    0.005140
    0.786495
    0.714127
    0.217818
   -0.393208
   -0.796986
   -0.793426
   -0.392244
    0.193244
    0.668300
    0.795211
    0.522843
   -0.001984
   -0.513194
   -0.752205
   -0.613276
   -0.174752
    0.341293
    0.671427
    0.662048
    0.329788
   -0.161220
   -0.562567
   -0.673849
   -0.453365
   -0.016063
    0.428028
    0.657227
    0.551876
    0.170223
   -0.289081
   -0.599949
   -0.612562
   -0.315947
    0.147521
    0.539113
    0.648337
    0.415714
   -0.031221
   -0.452161
   -0.627412
   -0.472139
   -0.075261
    0.350936
    0.583389
    0.506185
    0.171013
   -0.234474
   -0.493004
   -0.476982
   -0.212164
    0.147264
    0.411330
    0.457168
    0.285231
    0.004702
   -0.234630
   -0.321318
   -0.230796
   -0.024579
    0.191082
    0.320516
    0.319870
    0.208134
    0.048793
   -0.084416
   -0.139962
   -0.106034
   -0.008857
    0.103786
    0.184429
    0.203806
    0.158765
    0.069306
   -0.032063
   -0.113399
   -0.153837
   -0.148522
   -0.107430
   -0.049668
    0.004051
    0.038061
    0.045661
    0.029651
   -0.000050
   -0.030456
   -0.049812
   -0.050895
   -0.032596
    0.000343
    0.039103
    0.073394
    0.094146
    0.095664
    0.076805
    0.041061
   -0.004368
   -0.050224
   -0.087174
   -0.107725
