    1.379094
   -0.020050
    0.550934
    0.433252
    0.074493
   -0.320893
   -0.481756
   -0.396635
   -0.201917
   -0.011796
    0.122459
    0.193672
    0.214806
    0.203713
    0.175949
    0.142526
    0.110077
    0.081901
    0.059118
    0.041608
    0.028661
    0.019380
    0.012892
    0.008453
    0.005472
    0.003501
    0.002216
    0.001390
    0.000864
    0.000533
    0.000326
    0.000198
    0.000120
    0.000072
    0.000043
    0.000025
    0.000015
    0.000009
    0.000005
    0.000003
    0.000002
    0.000001
    0.000001
    0.000000
    0.000000
    0.000000
    0.000000
    0.000000
    0.000000
    0.000000
    0.000000
    0.000000
    0.000000
    0.000000
    0.000000
    0.000000
    0.000000
    0.000000
    0.000000
    0.000000
    0.000000
    0.000000
    0.000000
    0.000000
    0.000000
    0.000000
    0.000000
    0.000000
    0.000000
    0.000000
    0.000000
    0.000000
    0.000000
    0.000000
    0.000000
    0.000000
    0.000000
    0.000000
    0.000000
    0.000000
    0.000000
    0.000000
    0.000000
    0.000000
    0.000000
    0.000000
    0.000000
    0.000000
    0.000000
    0.000000
    0.000000
    0.000000
    0.000000
    0.000000
    0.000000
    0.000000
    0.000000
    0.000000
    0.000000
    0.000000
    0.000000
