    0.607097
   -0.320688
    0.449565
    0.612014
    0.483367
    0.102879
   -0.278448
   -0.439871
   -0.384600
   -0.221501
   -0.047299
    0.086972
    0.167377
    0.200321
    0.199631
    0.179233
    0.150041
    0.119311
    0.091159
    0.067437
    0.048568
    0.034191
    0.023600
    0.016012
    0.010699
    0.007052
    0.004592
    0.002957
    0.001885
    0.001190
    0.000745
    0.000463
    0.000285
    0.000175
    0.000106
    0.000064
    0.000039
    0.000023
    0.000014
    0.000008
    0.000005
    0.000003
    0.000002
    0.000001
    0.000001
    0.000000
    0.000000
    0.000000
    0.000000
    0.000000
    0.000000
    0.000000
    0.000000
    0.000000
    0.000000
    0.000000
    0.000000
    0.000000
    0.000000
    0.000000
    0.000000
    0.000000
    0.000000
    0.000000
    0.000000
    0.000000
    0.000000
    0.000000
    0.000000
    0.000000
    0.000000
    0.000000
    0.000000
    0.000000
    0.000000
    0.000000
    0.000000
    0.000000
    0.000000
    0.000000
    0.000000
    0.000000
    0.000000
    0.000000
    0.000000
    0.000000
    0.000000
    0.000000
    0.000000
    0.000000
    0.000000
    0.000000
    0.000000
    0.000000
    0.000000
    0.000000
    0.000000
    0.000000
    0.000000
    0.000000
    0.000000
