   -1.583875
   -0.293342
   -0.388435
    0.043806
    0.421342
    0.622123
    0.501439
    0.148975
   -0.187576
   -0.357901
   -0.356476
   -0.249105
   -0.107017
    0.021397
    0.113601
    0.165786
    0.184311
    0.179158
    0.160044
    0.134655
    0.108243
    0.083902
    0.063113
    0.046289
    0.033218
    0.023388
    0.016194
    0.011045
    0.007433
    0.004941
    0.003248
    0.002113
    0.001362
    0.000871
    0.000552
    0.000347
    0.000217
    0.000135
    0.000083
    0.000051
    0.000031
    0.000019
    0.000011
    0.000007
    0.000004
    0.000002
    0.000001
    0.000001
    0.000001
    0.000000
    0.000000
    0.000000
    0.000000
    0.000000
    0.000000
    0.000000
    0.000000
    0.000000
    0.000000
    0.000000
    0.000000
    0.000000
    0.000000
    0.000000
    0.000000
    0.000000
    0.000000
    0.000000
    0.000000
    0.000000
    0.000000
    0.000000
    0.000000
    0.000000
    0.000000
    0.000000
    0.000000
    0.000000
    0.000000
    0.000000
    0.000000
    0.000000
    0.000000
    0.000000
    0.000000
    0.000000
    0.000000
    0.000000
    0.000000
    0.000000
    0.000000
    0.000000
    0.000000
    0.000000
    0.000000
    0.000000
    0.000000
    0.000000
    0.000000
    0.000000
    0.000000
