   -0.523049
    0.311363
   -0.538989
   -0.719622
   -0.492016
   -0.090089
    0.346350
    0.576823
    0.485334
    0.195366
   -0.099048
   -0.278625
   -0.320963
   -0.261597
   -0.152207
   -0.036075
    0.060281
    0.125965
    0.160894
    0.170732
    0.163064
    0.145085
    0.122500
    0.099276
    0.077813
    0.059309
    0.044137
    0.032171
    0.023023
    0.016211
    0.011248
    0.007701
    0.005210
    0.003486
    0.002308
    0.001514
    0.000985
    0.000635
    0.000407
    0.000258
    0.000163
    0.000102
    0.000064
    0.000040
    0.000024
    0.000015
    0.000009
    0.000006
    0.000003
    0.000002
    0.000001
    0.000001
    0.000000
    0.000000
    0.000000
    0.000000
    0.000000
    0.000000
    0.000000
    0.000000
    0.000000
    0.000000
    0.000000
    0.000000
    0.000000
    0.000000
    0.000000
    0.000000
    0.000000
    0.000000
    0.000000
    0.000000
    0.000000
    0.000000
    0.000000
    0.000000
    0.000000
    0.000000
    0.000000
    0.000000
    0.000000
    0.000000
    0.000000
    0.000000
    0.000000
    0.000000
    0.000000
    0.000000
    0.000000
    0.000000
    0.000000
    0.000000
    0.000000
    0.000000
    0.000000
    0.000000
    0.000000
    0.000000
    0.000000
    0.000000
    0.000000
