    1.835856
    0.294637
    0.449151
   -0.064106
   -0.524983
   -0.683174
   -0.550338
   -0.161515
    0.275943
    0.508468
    0.461819
    0.236770
   -0.018849
   -0.202363
   -0.278318
   -0.260226
   -0.183379
   -0.084298
    0.009750
    0.083366
    0.131255
    0.154856
    0.159099
    0.149963
    0.132987
    0.112571
    0.091806
    0.072599
    0.055929
    0.042123
    0.031103
    0.022565
    0.016114
    0.011345
    0.007884
    0.005415
    0.003678
    0.002473
    0.001648
    0.001088
    0.000713
    0.000463
    0.000299
    0.000192
    0.000122
    0.000077
    0.000049
    0.000030
    0.000019
    0.000012
    0.000007
    0.000004
    0.000003
    0.000002
    0.000001
    0.000001
    0.000000
    0.000000
    0.000000
    0.000000
    0.000000
    0.000000
    0.000000
    0.000000
    0.000000
    0.000000
    0.000000
    0.000000
    0.000000
    0.000000
    0.000000
    0.000000
    0.000000
    0.000000
    0.000000
    0.000000
    0.000000
    0.000000
    0.000000
    0.000000
    0.000000
    0.000000
    0.000000
    0.000000
    0.000000
    0.000000
    0.000000
    0.000000
    0.000000
    0.000000
    0.000000
    0.000000
    0.000000
    0.000000
    0.000000
    0.000000
    0.000000
    0.000000
    0.000000
    0.000000
    0.000000
