    0.913812
    0.426624
   -0.083076
   -0.578861
   -0.706818
   -0.526550
   -0.131268
    0.312345
    0.544408
    0.474263
    0.217092
   -0.057716
   -0.240082
   -0.300464
   -0.262552
   -0.169512
   -0.061404
    0.034535
    0.104866
    0.146734
    0.163658
    0.161942
    0.148245
    0.128265
    0.106240
    0.084951
    0.065963
    0.049955
    0.037020
    0.026916
    0.019241
    0.013547
    0.009407
    0.006452
    0.004374
    0.002934
    0.001949
    0.001283
    0.000838
    0.000543
    0.000349
    0.000223
    0.000141
    0.000089
    0.000056
    0.000035
    0.000022
    0.000013
    0.000008
    0.000005
    0.000003
    0.000002
    0.000001
    0.000001
    0.000000
    0.000000
    0.000000
    0.000000
    0.000000
    0.000000
    0.000000
    0.000000
    0.000000
    0.000000
    0.000000
    0.000000
    0.000000
    0.000000
    0.000000
    0.000000
    0.000000
    0.000000
    0.000000
    0.000000
    0.000000
    0.000000
    0.000000
    0.000000
    0.000000
    0.000000
    0.000000
    0.000000
    0.000000
    0.000000
    0.000000
    0.000000
    0.000000
    0.000000
    0.000000
    0.000000
    0.000000
    0.000000
    0.000000
    0.000000
    0.000000
    0.000000
    0.000000
    0.000000
    0.000000
    0.000000
    0.000000
