   -1.561210
    0.014284
   -0.655041
   -0.445549
   -0.030519
    0.380776
    0.603673
    0.494803
    0.172322
   -0.142531
   -0.317922
   -0.339667
   -0.257169
   -0.131391
   -0.008423
    0.086734
    0.146377
    0.173499
    0.175938
    0.162435
    0.140530
    0.115788
    0.091788
    0.070497
    0.052722
    0.038539
    0.027616
    0.019445
    0.013479
    0.009212
    0.006217
    0.004147
    0.002737
    0.001789
    0.001158
    0.000744
    0.000474
    0.000300
    0.000188
    0.000118
    0.000073
    0.000045
    0.000028
    0.000017
    0.000010
    0.000006
    0.000004
    0.000002
    0.000001
    0.000001
    0.000000
    0.000000
    0.000000
    0.000000
    0.000000
    0.000000
    0.000000
    0.000000
    0.000000
    0.000000
    0.000000
    0.000000
    0.000000
    0.000000
    0.000000
    0.000000
    0.000000
    0.000000
    0.000000
    0.000000
    0.000000
    0.000000
    0.000000
    0.000000
    0.000000
    0.000000
    0.000000
    0.000000
    0.000000
    0.000000
    0.000000
    0.000000
    0.000000
    0.000000
    0.000000
    0.000000
    0.000000
    0.000000
    0.000000
    0.000000
    0.000000
    0.000000
    0.000000
    0.000000
    0.000000
    0.000000
    0.000000
    0.000000
    0.000000
    0.000000
    0.000000
