   -1.160901
   -0.424098
    0.071838
    0.622500
    0.824571
    0.570652
    0.106694
   -0.354021
   -0.628455
   -0.567064
   -0.230266
    0.155609
    0.391994
    0.415850
    0.279845
    0.081341
   -0.095444
   -0.204278
   -0.235973
   -0.205477
   -0.137622
   -0.056657
    0.019219
    0.079354
    0.119715
    0.140945
    0.146337
    0.140206
    0.126793
    0.109667
    0.091503
    0.074092
    0.058478
    0.045138
    0.034164
    0.025409
    0.018603
    0.013427
    0.009565
    0.006733
    0.004687
    0.003230
    0.002204
    0.001491
    0.001000
    0.000666
    0.000440
    0.000289
    0.000188
    0.000122
    0.000078
    0.000050
    0.000032
    0.000020
    0.000013
    0.000008
    0.000005
    0.000003
    0.000002
    0.000001
    0.000001
    0.000000
    0.000000
    0.000000
    0.000000
    0.000000
    0.000000
    0.000000
    0.000000
    0.000000
    0.000000
    0.000000
    0.000000
    0.000000
    0.000000
    0.000000
    0.000000
    0.000000
    0.000000
    0.000000
    0.000000
    0.000000
    0.000000
    0.000000
    0.000000
    0.000000
    0.000000
    0.000000
    0.000000
    0.000000
    0.000000
    0.000000
    0.000000
    0.000000
    0.000000
    0.000000
    0.000000
    0.000000
    0.000000
    0.000000
    0.000000
