   -1.995027
   -0.298202
   -0.504067
    0.027539
    0.587841
    0.788847
    0.582558
    0.156954
   -0.313811
   -0.604262
   -0.560305
   -0.250100
    0.115013
    0.352468
    0.397395
    0.288272
    0.108887
   -0.062444
   -0.177932
   -0.222966
   -0.206755
   -0.150106
   -0.075498
   -0.001185
    0.061054
    0.105695
    0.132000
    0.142247
    0.140141
    0.129669
    0.114402
    0.097169
    0.079975
    0.064088
    0.050183
    0.038503
    0.029012
    0.021508
    0.015711
    0.011324
    0.008062
    0.005674
    0.003952
    0.002726
    0.001863
    0.001262
    0.000848
    0.000566
    0.000375
    0.000246
    0.000161
    0.000105
    0.000068
    0.000043
    0.000028
    0.000018
    0.000011
    0.000007
    0.000004
    0.000003
    0.000002
    0.000001
    0.000001
    0.000000
    0.000000
    0.000000
    0.000000
    0.000000
    0.000000
    0.000000
    0.000000
    0.000000
    0.000000
    0.000000
    0.000000
    0.000000
    0.000000
    0.000000
    0.000000
    0.000000
    0.000000
    0.000000
    0.000000
    0.000000
    0.000000
    0.000000
    0.000000
    0.000000
    0.000000
    0.000000
    0.000000
    0.000000
    0.000000
    0.000000
    0.000000
    0.000000
    0.000000
    0.000000
    0.000000
    0.000000
    0.000000
