   -1.590511
    0.000592
   -0.795278
   -0.602601
   -0.030525
    0.536394
    0.748645
    0.598470
    0.199242
   -0.276269
   -0.575450
   -0.550001
   -0.268551
    0.075380
    0.313130
    0.377365
    0.293683
    0.133436
   -0.031014
   -0.151180
   -0.207931
   -0.205243
   -0.159938
   -0.092452
   -0.020727
    0.042644
    0.090836
    0.121807
    0.136789
    0.138808
    0.131510
    0.118392
    0.102374
    0.085644
    0.069676
    0.055337
    0.043031
    0.032842
    0.024648
    0.018220
    0.013283
    0.009562
    0.006803
    0.004788
    0.003336
    0.002303
    0.001575
    0.001069
    0.000720
    0.000481
    0.000319
    0.000210
    0.000138
    0.000090
    0.000058
    0.000037
    0.000024
    0.000015
    0.000010
    0.000006
    0.000004
    0.000002
    0.000002
    0.000001
    0.000001
    0.000000
    0.000000
    0.000000
    0.000000
    0.000000
    0.000000
    0.000000
    0.000000
    0.000000
    0.000000
    0.000000
    0.000000
    0.000000
    0.000000
    0.000000
    0.000000
    0.000000
    0.000000
    0.000000
    0.000000
    0.000000
    0.000000
    0.000000
    0.000000
    0.000000
    0.000000
    0.000000
    0.000000
    0.000000
    0.000000
    0.000000
    0.000000
    0.000000
    0.000000
    0.000000
    0.000000
