    1.622836
   -0.007255
    0.732714
    0.529156
   -0.008615
   -0.457963
   -0.664625
   -0.563957
   -0.186556
    0.237023
    0.470479
    0.447984
    0.253957
    0.017376
   -0.165573
   -0.254731
   -0.254852
   -0.193916
   -0.104675
   -0.013851
    0.061745
    0.114698
    0.144480
    0.154596
    0.150218
    0.136589
    0.118166
    0.098277
    0.079129
    0.061992
    0.047436
    0.035558
    0.026171
    0.018951
    0.013521
    0.009519
    0.006619
    0.004552
    0.003097
    0.002087
    0.001394
    0.000923
    0.000607
    0.000396
    0.000256
    0.000165
    0.000105
    0.000067
    0.000042
    0.000027
    0.000017
    0.000010
    0.000006
    0.000004
    0.000002
    0.000001
    0.000001
    0.000001
    0.000000
    0.000000
    0.000000
    0.000000
    0.000000
    0.000000
    0.000000
    0.000000
    0.000000
    0.000000
    0.000000
    0.000000
    0.000000
    0.000000
    0.000000
    0.000000
    0.000000
    0.000000
    0.000000
    0.000000
    0.000000
    0.000000
    0.000000
    0.000000
    0.000000
    0.000000
    0.000000
    0.000000
    0.000000
    0.000000
    0.000000
    0.000000
    0.000000
    0.000000
    0.000000
    0.000000
    0.000000
    0.000000
    0.000000
    0.000000
    0.000000
    0.000000
    0.000000
