    0.367322
   -0.304037
    0.582704
    0.825991
    0.560237
    0.050182
   -0.400627
   -0.647933
   -0.568887
   -0.209153
    0.196554
    0.431449
    0.432695
    0.268381
    0.050817
   -0.129871
   -0.229962
   -0.246684
   -0.201245
   -0.122470
   -0.036054
    0.040274
    0.097314
    0.132706
    0.148514
    0.149004
    0.139012
    0.122935
    0.104263
    0.085461
    0.068073
    0.052907
    0.040249
    0.030045
    0.022052
    0.015940
    0.011364
    0.007999
    0.005566
    0.003831
    0.002611
    0.001763
    0.001180
    0.000784
    0.000516
    0.000338
    0.000220
    0.000142
    0.000091
    0.000058
    0.000037
    0.000023
    0.000015
    0.000009
    0.000006
    0.000004
    0.000002
    0.000001
    0.000001
    0.000000
    0.000000
    0.000000
    0.000000
    0.000000
    0.000000
    0.000000
    0.000000
    0.000000
    0.000000
    0.000000
    0.000000
    0.000000
    0.000000
    0.000000
    0.000000
    0.000000
    0.000000
    0.000000
    0.000000
    0.000000
    0.000000
    0.000000
    0.000000
    0.000000
    0.000000
    0.000000
    0.000000
    0.000000
    0.000000
    0.000000
    0.000000
    0.000000
    0.000000
    0.000000
    0.000000
    0.000000
    0.000000
    0.000000
    0.000000
    0.000000
    0.000000
