    0.002188
   -0.296492
    0.607855
    0.932553
    0.711303
    0.134662
   -0.501019
   -0.808728
   -0.667043
   -0.239553
    0.261475
    0.608099
    0.624565
    0.325817
   -0.089428
   -0.392856
   -0.466018
   -0.330949
   -0.094705
    0.126501
    0.257629
    0.278416
    0.210897
    0.097133
   -0.020674
   -0.112163
   -0.162630
   -0.171135
   -0.145855
   -0.099110
   -0.043397
    0.011067
    0.057376
    0.091939
    0.113886
    0.124232
    0.125065
    0.118883
    0.108123
    0.094889
    0.080829
    0.067115
    0.054501
    0.043393
    0.033945
    0.026134
    0.019830
    0.014847
    0.010981
    0.008029
    0.005809
    0.004161
    0.002954
    0.002078
    0.001450
    0.001004
    0.000690
    0.000471
    0.000319
    0.000215
    0.000144
    0.000096
    0.000064
    0.000042
    0.000027
    0.000018
    0.000012
    0.000008
    0.000005
    0.000003
    0.000002
    0.000001
    0.000001
    0.000001
    0.000000
    0.000000
    0.000000
    0.000000
    0.000000
    0.000000
    0.000000
    0.000000
    0.000000
    0.000000
    0.000000
    0.000000
    0.000000
    0.000000
    0.000000
    0.000000
    0.000000
    0.000000
    0.000000
    0.000000
    0.000000
    0.000000
    0.000000
    0.000000
    0.000000
    0.000000
    0.000000
