    1.495915
    0.005035
    0.842842
    0.663580
    0.079737
   -0.541326
   -0.846185
   -0.665871
   -0.194788
    0.308075
    0.634969
    0.629984
    0.307616
   -0.126913
   -0.431988
   -0.486233
   -0.323087
   -0.065209
    0.161940
    0.283690
    0.286692
    0.201357
    0.075783
   -0.045530
   -0.133151
   -0.175129
   -0.173668
   -0.139507
   -0.086498
   -0.027647
    0.027093
    0.071521
    0.102901
    0.121153
    0.127906
    0.125645
    0.117063
    0.104646
    0.090436
    0.075961
    0.062257
    0.049941
    0.039304
    0.030408
    0.023163
    0.017397
    0.012897
    0.009448
    0.006844
    0.004907
    0.003484
    0.002451
    0.001710
    0.001184
    0.000813
    0.000554
    0.000375
    0.000253
    0.000169
    0.000112
    0.000074
    0.000049
    0.000032
    0.000021
    0.000013
    0.000009
    0.000006
    0.000004
    0.000002
    0.000001
    0.000001
    0.000001
    0.000000
    0.000000
    0.000000
    0.000000
    0.000000
    0.000000
    0.000000
    0.000000
    0.000000
    0.000000
    0.000000
    0.000000
    0.000000
    0.000000
    0.000000
    0.000000
    0.000000
    0.000000
    0.000000
    0.000000
    0.000000
    0.000000
    0.000000
    0.000000
    0.000000
    0.000000
    0.000000
    0.000000
    0.000000
