   -0.181800
    0.299112
   -0.610069
   -0.883802
   -0.653952
   -0.070431
    0.477546
    0.714235
    0.613913
    0.233993
   -0.239343
   -0.542926
   -0.537058
   -0.285350
    0.037216
    0.274231
    0.355864
    0.296147
    0.154967
   -0.001326
   -0.124303
   -0.191157
   -0.201131
   -0.167152
   -0.107407
   -0.039204
    0.024355
    0.075345
    0.110508
    0.130035
    0.136214
    0.132277
    0.121567
    0.107039
    0.091021
    0.075173
    0.060548
    0.047713
    0.036878
    0.028014
    0.020950
    0.015446
    0.011240
    0.008082
    0.005747
    0.004044
    0.002819
    0.001947
    0.001334
    0.000906
    0.000611
    0.000409
    0.000272
    0.000180
    0.000118
    0.000077
    0.000050
    0.000032
    0.000021
    0.000013
    0.000008
    0.000005
    0.000003
    0.000002
    0.000001
    0.000001
    0.000001
    0.000000
    0.000000
    0.000000
    0.000000
    0.000000
    0.000000
    0.000000
    0.000000
    0.000000
    0.000000
    0.000000
    0.000000
    0.000000
    0.000000
    0.000000
    0.000000
    0.000000
    0.000000
    0.000000
    0.000000
    0.000000
    0.000000
    0.000000
    0.000000
    0.000000
    0.000000
    0.000000
    0.000000
    0.000000
    0.000000
    0.000000
    0.000000
    0.000000
    0.000000
