    2.065164
    0.302829
    0.566316
    0.006355
   -0.587062
   -0.874840
   -0.668376
   -0.149243
    0.359929
    0.660285
    0.630386
    0.286788
   -0.164650
   -0.470450
   -0.504930
   -0.312793
   -0.033281
    0.198491
    0.308884
    0.292523
    0.188895
    0.052187
   -0.071244
   -0.153499
   -0.185867
   -0.173929
   -0.130977
   -0.072232
   -0.010984
    0.043278
    0.085205
    0.112987
    0.127341
    0.130480
    0.125236
    0.114447
    0.100593
    0.085620
    0.070918
    0.057371
    0.045459
    0.035362
    0.027054
    0.020388
    0.015155
    0.011123
    0.008069
    0.005790
    0.004113
    0.002894
    0.002019
    0.001396
    0.000958
    0.000653
    0.000441
    0.000297
    0.000198
    0.000131
    0.000087
    0.000057
    0.000037
    0.000024
    0.000016
    0.000010
    0.000006
    0.000004
    0.000003
    0.000002
    0.000001
    0.000001
    0.000000
    0.000000
    0.000000
    0.000000
    0.000000
    0.000000
    0.000000
    0.000000
    0.000000
    0.000000
    0.000000
    0.000000
    0.000000
    0.000000
    0.000000
    0.000000
    0.000000
    0.000000
    0.000000
    0.000000
    0.000000
    0.000000
    0.000000
    0.000000
    0.000000
    0.000000
    0.000000
    0.000000
    0.000000
    0.000000
    0.000000
