    1.357691
    0.424163
   -0.043614
   -0.635851
   -0.890819
   -0.669097
   -0.107290
    0.417130
    0.685774
    0.625056
    0.262651
   -0.202197
   -0.507658
   -0.521943
   -0.300171
    0.000915
    0.235970
    0.332997
    0.295726
    0.173449
    0.026451
   -0.097577
   -0.172925
   -0.194606
   -0.171791
   -0.120269
   -0.056424
    0.006412
    0.059426
    0.098255
    0.122068
    0.132379
    0.131938
    0.123865
    0.111086
    0.096028
    0.080510
    0.065761
    0.052507
    0.041094
    0.031591
    0.023897
    0.017814
    0.013103
    0.009519
    0.006837
    0.004859
    0.003420
    0.002384
    0.001648
    0.001130
    0.000769
    0.000519
    0.000348
    0.000232
    0.000154
    0.000101
    0.000066
    0.000043
    0.000028
    0.000018
    0.000012
    0.000007
    0.000005
    0.000003
    0.000002
    0.000001
    0.000001
    0.000000
    0.000000
    0.000000
    0.000000
    0.000000
    0.000000
    0.000000
    0.000000
    0.000000
    0.000000
    0.000000
    0.000000
    0.000000
    0.000000
    0.000000
    0.000000
    0.000000
    0.000000
    0.000000
    0.000000
    0.000000
    0.000000
    0.000000
    0.000000
    0.000000
    0.000000
    0.000000
    0.000000
    0.000000
    0.000000
    0.000000
    0.000000
    0.000000
