   -2.062802
   -0.307660
   -0.616481
   -0.057773
    0.582989
    0.902618
    0.755817
    0.201080
   -0.405609
   -0.727792
   -0.677196
   -0.315750
    0.179069
    0.547020
    0.601692
    0.355425
   -0.016888
   -0.314129
   -0.421351
   -0.339044
   -0.145892
    0.059621
    0.203700
    0.255201
    0.221443
    0.132730
    0.025599
   -0.069338
   -0.133284
   -0.159795
   -0.152067
   -0.119008
   -0.071517
   -0.019758
    0.028398
    0.067919
    0.096441
    0.113710
    0.120902
    0.119966
    0.113112
    0.102451
    0.089790
    0.076534
    0.063687
    0.051889
    0.041489
    0.032618
    0.025253
    0.019279
    0.014529
    0.010820
    0.007969
    0.005808
    0.004193
    0.002999
    0.002127
    0.001497
    0.001045
    0.000724
    0.000498
    0.000341
    0.000232
    0.000156
    0.000105
    0.000070
    0.000047
    0.000031
    0.000020
    0.000013
    0.000009
    0.000006
    0.000004
    0.000002
    0.000001
    0.000001
    0.000001
    0.000000
    0.000000
    0.000000
    0.000000
    0.000000
    0.000000
    0.000000
    0.000000
    0.000000
    0.000000
    0.000000
    0.000000
    0.000000
    0.000000
    0.000000
    0.000000
    0.000000
    0.000000
    0.000000
    0.000000
    0.000000
    0.000000
    0.000000
    0.000000
