   -1.490379
   -0.426152
   -0.001700
    0.635408
    0.925549
    0.739162
    0.171855
   -0.456770
   -0.767803
   -0.671611
   -0.280305
    0.218930
    0.578844
    0.614890
    0.341695
   -0.052639
   -0.353473
   -0.444364
   -0.336277
   -0.121623
    0.092352
    0.230904
    0.267860
    0.217564
    0.116136
    0.003099
   -0.090808
   -0.148605
   -0.166461
   -0.150029
   -0.109969
   -0.058067
   -0.004607
    0.042946
    0.080232
    0.105618
    0.119486
    0.123485
    0.119862
    0.110962
    0.098915
    0.085458
    0.071892
    0.059097
    0.047599
    0.037646
    0.029289
    0.022450
    0.016974
    0.012673
    0.009352
    0.006827
    0.004934
    0.003532
    0.002506
    0.001763
    0.001230
    0.000852
    0.000586
    0.000401
    0.000272
    0.000183
    0.000123
    0.000082
    0.000054
    0.000036
    0.000024
    0.000015
    0.000010
    0.000006
    0.000004
    0.000003
    0.000002
    0.000001
    0.000001
    0.000000
    0.000000
    0.000000
    0.000000
    0.000000
    0.000000
    0.000000
    0.000000
    0.000000
    0.000000
    0.000000
    0.000000
    0.000000
    0.000000
    0.000000
    0.000000
    0.000000
    0.000000
    0.000000
    0.000000
    0.000000
    0.000000
    0.000000
    0.000000
    0.000000
    0.000000
