    0.147754
    0.295978
   -0.588139
   -0.954599
   -0.767358
   -0.178020
    0.472022
    0.862951
    0.758361
    0.263380
   -0.294365
   -0.656234
   -0.682739
   -0.371109
    0.103902
    0.476968
    0.567210
    0.376689
    0.050312
   -0.236616
   -0.371791
   -0.337104
   -0.186385
   -0.001065
    0.148699
    0.224435
    0.221329
    0.158604
    0.066146
   -0.027006
   -0.099714
   -0.141183
   -0.150027
   -0.131498
   -0.094303
   -0.047852
   -0.000379
    0.042053
    0.075781
    0.099307
    0.112791
    0.117474
    0.115168
    0.107839
    0.097328
    0.085198
    0.072660
    0.060577
    0.049500
    0.039729
    0.031374
    0.024412
    0.018740
    0.014206
    0.010645
    0.007891
    0.005791
    0.004210
    0.003033
    0.002167
    0.001536
    0.001080
    0.000754
    0.000523
    0.000361
    0.000247
    0.000168
    0.000114
    0.000077
    0.000051
    0.000034
    0.000023
    0.000015
    0.000010
    0.000006
    0.000004
    0.000003
    0.000002
    0.000001
    0.000001
    0.000000
    0.000000
    0.000000
    0.000000
    0.000000
    0.000000
    0.000000
    0.000000
    0.000000
    0.000000
    0.000000
    0.000000
    0.000000
    0.000000
    0.000000
    0.000000
    0.000000
    0.000000
    0.000000
    0.000000
    0.000000
