   -1.371488
   -0.009088
   -0.862231
   -0.724925
   -0.122343
    0.522817
    0.883304
    0.761339
    0.230513
   -0.350163
   -0.690628
   -0.681450
   -0.345869
    0.140892
    0.512900
    0.585628
    0.367101
    0.017534
   -0.275084
   -0.397106
   -0.339297
   -0.167493
    0.028431
    0.176219
    0.240648
    0.222653
    0.146891
    0.046669
   -0.047988
   -0.116903
   -0.151306
   -0.152037
   -0.126191
   -0.083631
   -0.034225
    0.013900
    0.055142
    0.086457
    0.106961
    0.117329
    0.119175
    0.114525
    0.105443
    0.093766
    0.080988
    0.068224
    0.056228
    0.045450
    0.036104
    0.028231
    0.021760
    0.016551
    0.012437
    0.009240
    0.006792
    0.004944
    0.003565
    0.002549
    0.001807
    0.001271
    0.000888
    0.000615
    0.000424
    0.000290
    0.000197
    0.000133
    0.000090
    0.000060
    0.000040
    0.000026
    0.000017
    0.000011
    0.000007
    0.000005
    0.000003
    0.000002
    0.000001
    0.000001
    0.000001
    0.000000
    0.000000
    0.000000
    0.000000
    0.000000
    0.000000
    0.000000
    0.000000
    0.000000
    0.000000
    0.000000
    0.000000
    0.000000
    0.000000
    0.000000
    0.000000
    0.000000
    0.000000
    0.000000
    0.000000
    0.000000
    0.000000
