    1.559590
    0.429217
    0.042269
   -0.604749
   -0.953246
   -0.783241
   -0.228924
    0.430459
    0.835396
    0.751500
    0.299121
   -0.240937
   -0.623482
   -0.680156
   -0.392061
    0.067876
    0.439666
    0.546742
    0.384090
    0.081184
   -0.198936
   -0.345530
   -0.332510
   -0.202525
   -0.028720
    0.121361
    0.206777
    0.217597
    0.167853
    0.083882
   -0.006623
   -0.081960
   -0.129619
   -0.146134
   -0.134926
   -0.103443
   -0.060496
   -0.014275
    0.028804
    0.064533
    0.090826
    0.107322
    0.114865
    0.115009
    0.109589
    0.100421
    0.089108
    0.076945
    0.064894
    0.053606
    0.043469
    0.034666
    0.027229
    0.021093
    0.016131
    0.012192
    0.009113
    0.006742
    0.004939
    0.003586
    0.002581
    0.001843
    0.001306
    0.000919
    0.000642
    0.000445
    0.000307
    0.000210
    0.000143
    0.000097
    0.000066
    0.000044
    0.000029
    0.000019
    0.000013
    0.000008
    0.000006
    0.000004
    0.000002
    0.000002
    0.000001
    0.000001
    0.000000
    0.000000
    0.000000
    0.000000
    0.000000
    0.000000
    0.000000
    0.000000
    0.000000
    0.000000
    0.000000
    0.000000
    0.000000
    0.000000
    0.000000
    0.000000
    0.000000
    0.000000
    0.000000
