    2.009845
    0.311859
    0.649704
    0.110966
   -0.557975
   -0.924602
   -0.797688
   -0.272447
    0.391864
    0.799778
    0.744439
    0.335664
   -0.191018
   -0.591139
   -0.673506
   -0.409370
    0.032718
    0.401380
    0.524476
    0.389270
    0.109995
   -0.162191
   -0.318444
   -0.325602
   -0.215924
   -0.054434
    0.094395
    0.187887
    0.211601
    0.174660
    0.099766
    0.012959
   -0.063871
   -0.116807
   -0.140476
   -0.136497
   -0.110989
   -0.072033
   -0.027638
    0.015544
    0.052838
    0.081608
    0.100970
    0.111356
    0.114027
    0.110654
    0.102993
    0.092665
    0.081030
    0.069138
    0.057736
    0.047302
    0.038093
    0.030203
    0.023608
    0.018213
    0.013881
    0.010461
    0.007801
    0.005760
    0.004214
    0.003056
    0.002198
    0.001569
    0.001111
    0.000782
    0.000546
    0.000379
    0.000262
    0.000179
    0.000122
    0.000083
    0.000056
    0.000038
    0.000025
    0.000017
    0.000011
    0.000007
    0.000005
    0.000003
    0.000002
    0.000001
    0.000001
    0.000001
    0.000000
    0.000000
    0.000000
    0.000000
    0.000000
    0.000000
    0.000000
    0.000000
    0.000000
    0.000000
    0.000000
    0.000000
    0.000000
    0.000000
    0.000000
    0.000000
    0.000000
