    1.243254
    0.011422
    0.867399
    0.758855
    0.179920
   -0.505801
   -0.892459
   -0.813936
   -0.306972
    0.350768
    0.758888
    0.738738
    0.370864
   -0.144764
   -0.558365
   -0.663041
   -0.423591
   -0.001512
    0.362513
    0.500673
    0.392247
    0.136643
   -0.126530
   -0.290694
   -0.316515
   -0.226634
   -0.078132
    0.067988
    0.167987
    0.203514
    0.179081
    0.113722
    0.031563
   -0.045669
   -0.102949
   -0.133187
   -0.136257
   -0.116904
   -0.082360
   -0.040332
    0.002417
    0.040823
    0.071745
    0.093793
    0.106967
    0.112213
    0.111003
    0.105002
    0.095821
    0.084865
    0.073264
    0.061853
    0.051199
    0.041636
    0.033321
    0.026280
    0.020450
    0.015717
    0.011941
    0.008976
    0.006679
    0.004923
    0.003597
    0.002606
    0.001873
    0.001336
    0.000946
    0.000665
    0.000465
    0.000323
    0.000223
    0.000153
    0.000104
    0.000071
    0.000048
    0.000032
    0.000022
    0.000014
    0.000010
    0.000006
    0.000004
    0.000003
    0.000002
    0.000001
    0.000001
    0.000000
    0.000000
    0.000000
    0.000000
    0.000000
    0.000000
    0.000000
    0.000000
    0.000000
    0.000000
    0.000000
    0.000000
    0.000000
    0.000000
    0.000000
    0.000000
