   -1.928321
   -0.315056
   -0.672091
   -0.148090
    0.516247
    0.927774
    0.835875
    0.313227
   -0.346691
   -0.819059
   -0.826295
   -0.385116
    0.204254
    0.632564
    0.723605
    0.455347
   -0.024292
   -0.454028
   -0.612462
   -0.450311
   -0.096480
    0.246027
    0.421965
    0.387875
    0.202371
   -0.027767
   -0.205314
   -0.277662
   -0.243072
   -0.136211
   -0.005855
    0.104628
    0.168603
    0.178762
    0.143411
    0.079803
    0.007384
   -0.057253
   -0.103117
   -0.125428
   -0.124729
   -0.105249
   -0.073098
   -0.034715
    0.004218
    0.039388
    0.068045
    0.088895
    0.101819
    0.107536
    0.107256
    0.102399
    0.094382
    0.084477
    0.073734
    0.062961
    0.052725
    0.043389
    0.035146
    0.028060
    0.022106
    0.017203
    0.013235
    0.010074
    0.007592
    0.005667
    0.004193
    0.003077
    0.002240
    0.001618
    0.001160
    0.000827
    0.000585
    0.000411
    0.000288
    0.000200
    0.000138
    0.000095
    0.000065
    0.000044
    0.000030
    0.000020
    0.000014
    0.000009
    0.000006
    0.000004
    0.000003
    0.000002
    0.000001
    0.000001
    0.000000
    0.000000
    0.000000
    0.000000
    0.000000
    0.000000
    0.000000
    0.000000
    0.000000
    0.000000
    0.000000
