   -1.573956
   -0.432550
   -0.079379
    0.571707
    0.947358
    0.828796
    0.268908
   -0.396545
   -0.842506
   -0.830338
   -0.359841
    0.255677
    0.673661
    0.729468
    0.431285
   -0.061942
   -0.489956
   -0.632160
   -0.443888
   -0.066290
    0.284576
    0.449286
    0.391552
    0.182912
   -0.059186
   -0.233970
   -0.292409
   -0.240156
   -0.119090
    0.017687
    0.126135
    0.181831
    0.181049
    0.135585
    0.065132
   -0.009834
   -0.072964
   -0.114344
   -0.130637
   -0.123770
   -0.099035
   -0.063176
   -0.022850
    0.016380
    0.050523
    0.077249
    0.095691
    0.106096
    0.109457
    0.107166
    0.100731
    0.091589
    0.080979
    0.069893
    0.059062
    0.048978
    0.039932
    0.032060
    0.025379
    0.019831
    0.015310
    0.011688
    0.008830
    0.006606
    0.004897
    0.003598
    0.002622
    0.001896
    0.001361
    0.000970
    0.000686
    0.000483
    0.000337
    0.000234
    0.000162
    0.000111
    0.000076
    0.000052
    0.000035
    0.000024
    0.000016
    0.000011
    0.000007
    0.000005
    0.000003
    0.000002
    0.000001
    0.000001
    0.000001
    0.000000
    0.000000
    0.000000
    0.000000
    0.000000
    0.000000
    0.000000
    0.000000
    0.000000
    0.000000
    0.000000
    0.000000
