   -0.255825
   -0.296953
    0.563156
    0.950020
    0.808907
    0.227457
   -0.451109
   -0.865370
   -0.826237
   -0.334799
    0.305147
    0.716104
    0.734135
    0.403049
   -0.101910
   -0.524718
   -0.649147
   -0.435041
   -0.034588
    0.323478
    0.475565
    0.393019
    0.160989
   -0.092142
   -0.262479
   -0.305408
   -0.234700
   -0.099715
    0.042354
    0.147326
    0.193530
    0.181187
    0.125681
    0.049009
   -0.027584
   -0.088264
   -0.124422
   -0.134278
   -0.121167
   -0.091387
   -0.052218
   -0.010429
    0.028625
    0.061346
    0.085860
    0.101732
    0.109567
    0.110610
    0.106405
    0.098525
    0.088401
    0.077226
    0.065919
    0.055130
    0.045272
    0.036570
    0.029100
    0.022840
    0.017701
    0.013557
    0.010270
    0.007700
    0.005718
    0.004208
    0.003070
    0.002222
    0.001596
    0.001138
    0.000806
    0.000567
    0.000396
    0.000275
    0.000190
    0.000130
    0.000089
    0.000061
    0.000041
    0.000028
    0.000018
    0.000012
    0.000008
    0.000005
    0.000004
    0.000002
    0.000002
    0.000001
    0.000001
    0.000000
    0.000000
    0.000000
    0.000000
    0.000000
    0.000000
    0.000000
    0.000000
    0.000000
    0.000000
    0.000000
    0.000000
    0.000000
    0.000000
