    1.838485
    0.317107
    0.678271
    0.180326
   -0.484690
   -0.904535
   -0.861591
   -0.355555
    0.318669
    0.802044
    0.867268
    0.460613
   -0.182594
   -0.674938
   -0.777481
   -0.491877
    0.012504
    0.480313
    0.676088
    0.513558
    0.108313
   -0.303217
   -0.513883
   -0.453876
   -0.198994
    0.099863
    0.305700
    0.352743
    0.255324
    0.080345
   -0.092853
   -0.204916
   -0.231549
   -0.181795
   -0.085884
    0.019741
    0.104591
    0.150804
    0.154311
    0.122088
    0.067513
    0.005655
   -0.050354
   -0.091429
   -0.113161
   -0.115336
   -0.100837
   -0.074329
   -0.041046
   -0.005876
    0.027224
    0.055487
    0.077350
    0.092288
    0.100582
    0.103052
    0.100805
    0.095048
    0.086938
    0.077490
    0.067535
    0.057702
    0.048431
    0.040001
    0.032557
    0.026144
    0.020733
    0.016253
    0.012604
    0.009675
    0.007357
    0.005543
    0.004142
    0.003070
    0.002258
    0.001648
    0.001195
    0.000861
    0.000616
    0.000438
    0.000310
    0.000218
    0.000152
    0.000106
    0.000073
    0.000051
    0.000035
    0.000024
    0.000016
    0.000011
    0.000007
    0.000005
    0.000003
    0.000002
    0.000001
    0.000001
    0.000001
    0.000000
    0.000000
    0.000000
    0.000000
