    0.318664
    0.298851
   -0.531894
   -0.939302
   -0.821507
   -0.276661
    0.418562
    0.868484
    0.849783
    0.399751
   -0.263073
   -0.757043
   -0.804344
   -0.439161
    0.103401
    0.554837
    0.705395
    0.491602
    0.045386
   -0.379518
   -0.566564
   -0.456459
   -0.151725
    0.170919
    0.364916
    0.374248
    0.233870
    0.030042
   -0.148278
   -0.243668
   -0.241731
   -0.163619
   -0.048984
    0.061523
    0.138388
    0.168258
    0.152879
    0.104388
    0.039529
   -0.025410
   -0.077931
   -0.110787
   -0.121893
   -0.113261
   -0.089494
   -0.056309
   -0.019343
    0.016657
    0.048229
    0.073285
    0.090968
    0.101395
    0.105344
    0.103984
    0.098620
    0.090532
    0.080853
    0.070516
    0.060232
    0.050500
    0.041638
    0.033811
    0.027076
    0.021405
    0.016720
    0.012917
    0.009875
    0.007476
    0.005608
    0.004171
    0.003076
    0.002251
    0.001635
    0.001179
    0.000845
    0.000601
    0.000425
    0.000299
    0.000209
    0.000145
    0.000101
    0.000069
    0.000047
    0.000032
    0.000022
    0.000015
    0.000010
    0.000007
    0.000004
    0.000003
    0.000002
    0.000001
    0.000001
    0.000001
    0.000000
    0.000000
    0.000000
    0.000000
    0.000000
    0.000000
    0.000000
