    1.547508
    0.435659
    0.108704
   -0.538596
   -0.930206
   -0.845228
   -0.319336
    0.371111
    0.834041
    0.859768
    0.433584
   -0.223772
   -0.717754
   -0.790975
   -0.466237
    0.056505
    0.517433
    0.692182
    0.504211
    0.077643
   -0.341482
   -0.540961
   -0.456238
   -0.176406
    0.134815
    0.335516
    0.364440
    0.245848
    0.056172
   -0.120286
   -0.224801
   -0.237687
   -0.173859
   -0.068269
    0.040371
    0.121835
    0.160326
    0.154575
    0.114127
    0.054112
   -0.009687
   -0.064350
   -0.101626
   -0.118224
   -0.115036
   -0.095822
   -0.065813
   -0.030485
    0.005306
    0.037823
    0.064619
    0.084479
    0.097200
    0.103321
    0.103843
    0.099986
    0.093002
    0.084045
    0.074095
    0.063926
    0.054103
    0.045007
    0.036859
    0.029757
    0.023709
    0.018661
    0.014522
    0.011182
    0.008525
    0.006438
    0.004820
    0.003578
    0.002635
    0.001926
    0.001398
    0.001007
    0.000721
    0.000513
    0.000363
    0.000255
    0.000178
    0.000124
    0.000086
    0.000059
    0.000041
    0.000028
    0.000019
    0.000013
    0.000009
    0.000006
    0.000004
    0.000003
    0.000002
    0.000001
    0.000001
    0.000000
    0.000000
    0.000000
    0.000000
    0.000000
    0.000000
