    1.045072
    0.011925
    0.840470
    0.784541
    0.247289
   -0.426236
   -0.881168
   -0.870171
   -0.392132
    0.264576
    0.773284
    0.869157
    0.483082
   -0.138878
   -0.630567
   -0.764030
   -0.515243
   -0.028597
    0.443208
    0.657316
    0.519996
    0.137415
   -0.264984
   -0.485593
   -0.449481
   -0.219451
    0.066193
    0.275626
    0.339298
    0.262365
    0.102516
   -0.066127
   -0.184206
   -0.223469
   -0.187475
   -0.101753
   -0.000195
    0.086859
    0.139860
    0.152174
    0.128253
    0.079622
    0.020451
   -0.036123
   -0.080350
   -0.106803
   -0.114199
   -0.104514
   -0.081783
   -0.050923
   -0.016777
    0.016539
    0.045976
    0.069640
    0.086691
    0.097139
    0.101599
    0.101051
    0.096634
    0.089492
    0.080664
    0.071026
    0.061267
    0.051887
    0.043222
    0.035466
    0.028702
    0.022934
    0.018109
    0.014143
    0.010931
    0.008367
    0.006346
    0.004772
    0.003559
    0.002633
    0.001934
    0.001411
    0.001022
    0.000736
    0.000526
    0.000374
    0.000264
    0.000186
    0.000130
    0.000091
    0.000063
    0.000043
    0.000030
    0.000020
    0.000014
    0.000009
    0.000006
    0.000004
    0.000003
    0.000002
    0.000001
    0.000001
    0.000001
    0.000000
    0.000000
