   -1.130594
   -0.012278
   -0.859081
   -0.777491
   -0.220625
    0.464084
    0.901167
    0.841313
    0.358630
   -0.302920
   -0.791035
   -0.816711
   -0.411732
    0.152943
    0.593035
    0.715754
    0.475390
    0.011438
   -0.417114
   -0.590474
   -0.454481
   -0.125026
    0.208053
    0.393777
    0.382076
    0.219367
    0.002023
   -0.176680
   -0.261347
   -0.243559
   -0.151062
   -0.028131
    0.083013
    0.154047
    0.174450
    0.149167
    0.092920
    0.023898
   -0.041331
   -0.090916
   -0.118767
   -0.124084
   -0.109997
   -0.081897
   -0.045908
   -0.007733
    0.028058
    0.058338
    0.081402
    0.096763
    0.104845
    0.106654
    0.103493
    0.096740
    0.087676
    0.077402
    0.066792
    0.056487
    0.046920
    0.038344
    0.030874
    0.024523
    0.019235
    0.014912
    0.011435
    0.008680
    0.006525
    0.004862
    0.003591
    0.002632
    0.001913
    0.001381
    0.000990
    0.000705
    0.000499
    0.000351
    0.000245
    0.000170
    0.000118
    0.000081
    0.000055
    0.000038
    0.000026
    0.000017
    0.000012
    0.000008
    0.000005
    0.000003
    0.000002
    0.000001
    0.000001
    0.000001
    0.000000
    0.000000
    0.000000
    0.000000
    0.000000
    0.000000
    0.000000
    0.000000
    0.000000
