   -0.340855
   -0.301155
    0.504642
    0.916163
    0.827539
    0.300786
   -0.373599
   -0.857619
   -0.872299
   -0.431516
    0.213440
    0.745608
    0.864323
    0.503146
   -0.093321
   -0.586142
   -0.750260
   -0.535628
   -0.066829
    0.406033
    0.636117
    0.523723
    0.164816
   -0.227104
   -0.456342
   -0.443117
   -0.237679
    0.033987
    0.245492
    0.324259
    0.267022
    0.122604
   -0.040292
   -0.162891
   -0.213617
   -0.190951
   -0.115794
   -0.019252
    0.068863
    0.127684
    0.148266
    0.132615
    0.090336
    0.034534
   -0.021847
   -0.068558
   -0.099269
   -0.111677
   -0.106839
   -0.088110
   -0.060015
   -0.027280
    0.005880
    0.036182
    0.061423
    0.080453
    0.093006
    0.099478
    0.100701
    0.097728
    0.091670
    0.083577
    0.074362
    0.064766
    0.055349
    0.046502
    0.038470
    0.031377
    0.025260
    0.020091
    0.015801
    0.012296
    0.009475
    0.007233
    0.005473
    0.004107
    0.003058
    0.002259
    0.001658
    0.001208
    0.000874
    0.000629
    0.000450
    0.000320
    0.000226
    0.000159
    0.000111
    0.000077
    0.000054
    0.000037
    0.000025
    0.000017
    0.000012
    0.000008
    0.000005
    0.000004
    0.000002
    0.000002
    0.000001
    0.000001
    0.000001
