   -0.990609
   -0.010785
   -0.820976
   -0.775176
   -0.268129
    0.399148
    0.853823
    0.871642
    0.432033
   -0.236177
   -0.754596
   -0.876138
   -0.542050
    0.086371
    0.645081
    0.819887
    0.559769
    0.043622
   -0.457896
   -0.701567
   -0.576402
   -0.166484
    0.293523
    0.560005
    0.520063
    0.236010
   -0.117523
   -0.364321
   -0.412627
   -0.278483
   -0.052742
    0.156144
    0.270808
    0.267217
    0.169875
    0.030418
   -0.097183
   -0.174961
   -0.188768
   -0.146377
   -0.069608
    0.015268
    0.085582
    0.127045
    0.135060
    0.113349
    0.071059
    0.019514
   -0.030555
   -0.070877
   -0.096499
   -0.105790
   -0.099869
   -0.081739
   -0.055358
   -0.024853
    0.006074
    0.034499
    0.058421
    0.076746
    0.089157
    0.095941
    0.097783
    0.095598
    0.090376
    0.083075
    0.074546
    0.065497
    0.056479
    0.047887
    0.039986
    0.032923
    0.026760
    0.021491
    0.017067
    0.013413
    0.010438
    0.008048
    0.006151
    0.004662
    0.003506
    0.002617
    0.001939
    0.001427
    0.001044
    0.000758
    0.000548
    0.000393
    0.000281
    0.000199
    0.000141
    0.000099
    0.000069
    0.000048
    0.000034
    0.000023
    0.000016
    0.000012
    0.000008
    0.000007
    0.000006
