    0.331217
    0.303381
   -0.483442
   -0.890460
   -0.820057
   -0.319092
    0.346134
    0.825339
    0.882251
    0.464853
   -0.185367
   -0.717543
   -0.877921
   -0.568407
    0.047962
    0.604073
    0.800342
    0.577590
    0.086182
   -0.417246
   -0.681921
   -0.583416
   -0.195273
    0.256053
    0.531426
    0.514464
    0.255884
   -0.082964
   -0.332827
   -0.399023
   -0.287493
   -0.078073
    0.127217
    0.250749
    0.263030
    0.181275
    0.051318
   -0.075314
   -0.159635
   -0.184168
   -0.152676
   -0.083720
   -0.001850
    0.070320
    0.117265
    0.132508
    0.117850
    0.080945
    0.032285
   -0.017563
   -0.059949
   -0.089208
   -0.102881
   -0.101317
   -0.086918
   -0.063267
   -0.034340
   -0.003872
    0.025048
    0.050181
    0.070169
    0.084450
    0.093104
    0.096663
    0.095944
    0.091884
    0.085431
    0.077455
    0.068702
    0.059768
    0.051100
    0.043006
    0.035678
    0.029209
    0.023621
    0.018886
    0.014939
    0.011700
    0.009077
    0.006980
    0.005322
    0.004025
    0.003021
    0.002252
    0.001666
    0.001225
    0.000895
    0.000650
    0.000469
    0.000337
    0.000240
    0.000171
    0.000121
    0.000085
    0.000060
    0.000042
    0.000030
    0.000021
    0.000016
    0.000012
    0.000011
