   -1.755440
   -0.318023
   -0.674452
   -0.198106
    0.452201
    0.884406
    0.857723
    0.394312
   -0.283155
   -0.792759
   -0.873516
   -0.509507
    0.125586
    0.682632
    0.837968
    0.541126
   -0.001058
   -0.499612
   -0.719384
   -0.566161
   -0.135524
    0.331149
    0.587184
    0.523563
    0.214141
   -0.153211
   -0.395542
   -0.424592
   -0.267180
   -0.025551
    0.185618
    0.289868
    0.269354
    0.156292
    0.008096
   -0.119203
   -0.189196
   -0.191508
   -0.138128
   -0.054082
    0.032884
    0.100363
    0.135574
    0.135975
    0.107247
    0.059958
    0.006131
   -0.043498
   -0.081173
   -0.102743
   -0.107450
   -0.097180
   -0.075491
   -0.046666
   -0.014919
    0.016133
    0.043771
    0.066259
    0.082774
    0.093245
    0.098153
    0.098324
    0.094753
    0.088467
    0.080421
    0.071439
    0.062183
    0.053154
    0.044698
    0.037031
    0.030262
    0.024420
    0.019475
    0.015363
    0.011995
    0.009275
    0.007107
    0.005399
    0.004068
    0.003042
    0.002257
    0.001663
    0.001218
    0.000885
    0.000640
    0.000460
    0.000328
    0.000233
    0.000165
    0.000116
    0.000081
    0.000056
    0.000039
    0.000027
    0.000019
    0.000013
    0.000009
    0.000006
    0.000004
    0.000003
    0.000003
