   -1.496226
   -0.438138
   -0.125134
    0.504782
    0.910679
    0.844655
    0.349904
   -0.327409
   -0.828317
   -0.872301
   -0.471787
    0.167331
    0.716030
    0.853374
    0.522254
   -0.047028
   -0.542399
   -0.735535
   -0.552615
   -0.102374
    0.368692
    0.612662
    0.524852
    0.190400
   -0.189796
   -0.426279
   -0.434797
   -0.253591
    0.003380
    0.215449
    0.307740
    0.269328
    0.140537
   -0.015510
   -0.141165
   -0.202140
   -0.192271
   -0.127931
   -0.037260
    0.050808
    0.114458
    0.142693
    0.135179
    0.099564
    0.047747
   -0.007706
   -0.056219
   -0.090682
   -0.107833
   -0.107812
   -0.093254
   -0.068230
   -0.037277
   -0.004641
    0.026201
    0.052773
    0.073624
    0.088207
    0.096691
    0.099739
    0.098299
    0.093434
    0.086190
    0.077506
    0.068168
    0.058791
    0.049820
    0.041552
    0.034157
    0.027705
    0.022195
    0.017578
    0.013773
    0.010683
    0.008208
    0.006250
    0.004719
    0.003535
    0.002627
    0.001939
    0.001421
    0.001034
    0.000748
    0.000538
    0.000384
    0.000273
    0.000193
    0.000136
    0.000095
    0.000066
    0.000046
    0.000032
    0.000022
    0.000015
    0.000010
    0.000007
    0.000005
    0.000003
    0.000002
    0.000002
    0.000002
